-110.10999999999997
-102.28000000000003
-125.04999999999998
-113.14000000000001
-120.25000000000001
-118.44000000000005
-128.07999999999998
-135.07999999999996
-148.59000000000003
-157.71000000000004
-157.45000000000013
-169.39
-177.33
-176.49999999999991
-186.2100000000001
-174.14000000000001
-186.47000000000003
-175.24000000000004
-164.22
-165.82000000000002
-144.09999999999994
-146.26
-156.73
-130.17
-125.70000000000003
-131.5
-119.64999999999995
-122.62000000000002
-116.05999999999997
-121.87
-106.69999999999996
-110.00000000000001
-102.46
-105.90999999999994
-102.85999999999997
-102.72
-99.88999999999999
-93.21
-104.55999999999999
-94.44000000000001
-92.69000000000003
-93.50000000000003
-92.05
-89.98999999999995
-92.75000000000004
-86.67000000000003
-82.77999999999999
-76.96
-81.93
-81.81000000000003
-76.53999999999999
-79.63999999999997
-82.00999999999998
-73.19000000000005
-77.54999999999997
-72.42000000000002
-72.87999999999998
-78.37999999999998
-78.34
-77.2
-70.13000000000001
-69.07000000000002
-71.67999999999998
-70.20000000000002
-72.64
-68.96000000000002
-68.74000000000002
-66.56000000000003
-68.92000000000004
-62.72000000000003
-63.389999999999986
-66.68000000000002
-60.269999999999975
-69.00999999999999
-58.88
-59.54000000000001
-63.39000000000002
-63.88999999999998
-62.86000000000002
-61.260000000000005
-60.16
-57.80999999999998
-61.55999999999999
-59.52
-57.11999999999999
-59.25000000000001
-61.070000000000036
-56.81
-55.37000000000001
-55.55
-57.53000000000001
-54.23999999999999
-52.28000000000001
-53.71000000000001
-55.28000000000002
-54.69999999999998
-54.190000000000005
-52.96000000000001
-52.750000000000014
-57.40000000000001
-49.94
-48.71999999999999
-51.160000000000004
-51.009999999999984
-49.530000000000015
-53.400000000000006
-44.15
-50.09000000000001
-49.75000000000002
-48.49
-46.87999999999999
-49.11
-47.699999999999996
-44.34
-47.52999999999998
-49.329999999999984
-46.21000000000001
-44.609999999999985
-42.66
-44.75999999999999
-48.68
-41.29999999999999
-43.00000000000001
-46.830000000000005
-41.80999999999997
-44.029999999999994
-47.10999999999999
-45.38999999999999
-47.09
-45.43999999999996
-41.88
-42.009999999999984
-39.459999999999994
-43.35
-39.55
-39.780000000000015
-46.189999999999976
-44.83000000000001
-43.67000000000002
-40.660000000000004
-41.12000000000001
-40.28
-45.480000000000004
-39.19999999999998
-41.890000000000015
-38.829999999999984
-42.08999999999999
-43.779999999999994
-43.26999999999999
-40.64999999999999
-40.300000000000004
-41.60999999999999
-40.35000000000002
-38.989999999999995
-39.49999999999998
-44.75000000000001
-39.32
-37.79999999999998
-38.38000000000001
-36.77
-36.74
-35.489999999999995
-39.3
-38.680000000000014
-37.36999999999999
-38.990000000000016
-40.149999999999984
-37.01000000000001
-41.12000000000002
-38.47000000000001
-36.220000000000006
-35.07
-31.44999999999999
-36.92000000000001
-35.389999999999986
-34.680000000000014
-35.67000000000001
-31.180000000000017
-42.180000000000014
-33.95
-33.940000000000005
-33.440000000000005
-34.600000000000016
-38.630000000000024
-42.32000000000002
-36.72
-34.31999999999999
-33.239999999999995
-37.120000000000005
-34.76
-31.299999999999994
-30.939999999999998
-34.12
-33.56000000000001
-34.500000000000014
-34.84000000000002
-31.380000000000003
-33.56999999999999
-34.51
-31.22000000000001
-32.27
-32.06
-32.65999999999999
-30.680000000000014
-37.449999999999996
-28.67000000000001
-32.900000000000006
-34.16
-27.43
-31.47
-35.140000000000015
-34.05000000000001
-29.450000000000006
-29.870000000000005
-26.939999999999994
-29.550000000000004
-32.900000000000006
-30.96
-33.95
-29.790000000000003
-29.98999999999999
-32.69
-30.59
-37.53
-28.82000000000001
-29.730000000000018
-31.12
-30.520000000000017
-27.750000000000014
-29.899999999999995
-30.040000000000006
-32.26
-27.959999999999994
-26.320000000000007
-32.16
-33.36000000000002
-28.16000000000001
-30.60000000000003
-34.54000000000002
-31.249999999999993
-30.250000000000004
-28.800000000000004
-29.470000000000002
-29.000000000000018
-30.199999999999985
-30.29
-32.03000000000001
-28.380000000000006
-28.910000000000004
-30.470000000000002
-28.760000000000016
-29.790000000000017
-29.000000000000018
-29.770000000000014
-30.919999999999987
-27.520000000000017
-36.280000000000015
-29.86
-28.64000000000001
-26.05999999999999
-31.400000000000016
-24.900000000000002
-27.429999999999993
-34.389999999999986
-29.550000000000015
-28.430000000000003
-28.990000000000013
-31.210000000000004
-28.020000000000007
-28.200000000000017
-27.050000000000004
-25.939999999999998
-28.230000000000008
-24.400000000000006
-30.45000000000003
-29.040000000000013
-29.510000000000005
-30.080000000000005
-28.520000000000017
-30.570000000000004
-29.530000000000015
-27.479999999999997
-31.100000000000005
-26.280000000000015
-25.310000000000013
-23.53
-27.86000000000001
-25.55000000000001
-29.31
-30.259999999999998
-29.990000000000002
-26.630000000000017
-30.92000000000002
-24.830000000000013
-27.58000000000001
-25.900000000000013
-27.08
-27.79000000000002
-29.86000000000002
-29.280000000000005
-24.400000000000002
-26.150000000000006
-23.349999999999998
-25.310000000000002
-29.630000000000003
-26.90000000000002
-29.01
-25.730000000000008
-26.10000000000001
-28.300000000000004
-25.610000000000003
-30.580000000000016
-25.280000000000012
-23.01000000000001
-26.57000000000002
-23.040000000000003
-27.98000000000001
-26.750000000000018
-26.330000000000013
-28.780000000000015
-24.98999999999999
-28.030000000000012
-24.620000000000022
-22.270000000000014
-25.950000000000003
-26.100000000000005
-25.380000000000013
-23.629999999999992
-30.900000000000002
-26.25
-27.750000000000004
-26.12000000000001
-29.820000000000014
-28.440000000000012
-26.690000000000015
-22.72000000000001
-28.399999999999995
-31.310000000000002
-29.730000000000008
-27.930000000000014
-27.130000000000013
-25.06000000000001
-28.78
-27.650000000000006
-26.27
-30.860000000000024
-25.30000000000002
-23.15
-23.719999999999995
-24.440000000000023
-24.570000000000004
-28.640000000000008
-25.54000000000001
-28.120000000000015
-27.859999999999996
-31.53000000000002
-28.040000000000003
-25.770000000000014
-24.970000000000006
-26.890000000000004
-27.5
-27.320000000000004
-23.70000000000001
-25.650000000000016
-25.04
-23.260000000000016
-23.230000000000018
-24.910000000000014
-25.740000000000006
-25.28000000000001
-26.77000000000001
-24.030000000000015
-26.59
-22.520000000000017
-26.319999999999997
-21.260000000000005
-24.419999999999998
-27.87000000000001
-25.390000000000008
-28.850000000000012
-19.98000000000001
-24.17
-24.650000000000006
-23.870000000000005
-24.409999999999997
-25.619999999999994
-25.710000000000008
-23.610000000000014
-22.810000000000002
-22.580000000000013
-22.990000000000013
-23.570000000000018
-22.99000000000001
-22.27
-25.060000000000016
-25.860000000000003
-24.550000000000004
-22.960000000000015
-22.750000000000004
-23.41000000000001
-21.13000000000002
-25.870000000000015
-22.600000000000023
-22.84000000000002
-23.650000000000002
-24.70000000000002
-27.59000000000001
-25.950000000000014
-23.39
-24.720000000000006
-24.590000000000007
-24.700000000000003
-21.25000000000001
-24.99
-23.82000000000001
-21.750000000000004
-23.450000000000003
-27.69000000000002
-22.189999999999994
-22.870000000000026
-23.930000000000007
-26.65000000000002
-26.190000000000012
-21.84000000000001
-26.390000000000008
-27.76000000000001
-28.170000000000005
-23.14000000000001
-26.050000000000004
-26.240000000000023
-24.290000000000003
-22.180000000000017
-24.790000000000006
-25.220000000000017
-21.92000000000001
-26.830000000000005
-23.10000000000002
-22.520000000000003
-24.330000000000023
-27.730000000000008
-22.350000000000005
-26.740000000000013
-21.180000000000017
-24.21000000000001
-23.730000000000025
-25.04
-24.63
-24.72000000000002
-22.06000000000001
-25.589999999999996
-20.970000000000002
-26.370000000000022
-24.630000000000013
-22.130000000000013
-24.94
-22.94
-24.000000000000004
-22.580000000000013
-23.369999999999997
-28.380000000000017
-24.120000000000005
-22.409999999999997
-23.210000000000008
-22.580000000000005
-23.620000000000015
-22.790000000000006
-26.700000000000006
-25.85
-27.950000000000003
-23.73000000000001
-24.66
-23.900000000000016
-24.770000000000003
-25.44000000000001
-21.84
-23.33000000000001
-22.910000000000007
-21.05000000000001
-25.939999999999987
-24.65000000000001
-26.730000000000008
-22.230000000000018
-21.600000000000012
-23.42
-23.830000000000005
-24.660000000000014
-24.730000000000004
-26.43000000000002
-19.08000000000001
-27.97000000000001
-25.190000000000012
-23.550000000000015
-24.710000000000004
-21.42
-23.480000000000015
-21.48
-21.35
-25.85
-22.77999999999999
-23.09000000000001
