-130.6500000000001
-101.62
-133.74
-117.30000000000008
-126.81999999999998
-126.96000000000002
-127.43999999999996
-141.93
-145.81
-150.63000000000002
-156.80000000000004
-159.59
-160.40000000000003
-167.06999999999994
-169.75999999999993
-162.88
-159.34000000000003
-162.50000000000003
-159.47000000000003
-162.06999999999996
-160.19000000000005
-152.8600000000001
-147.68999999999994
-153.0
-146.65999999999994
-141.1
-143.60999999999999
-139.41000000000003
-134.04999999999995
-139.45000000000002
-145.14000000000004
-129.51
-126.79999999999997
-126.50999999999999
-126.46999999999996
-127.02
-123.15
-119.19999999999997
-114.93
-122.93000000000005
-118.46999999999997
-110.83999999999997
-109.81000000000006
-117.62999999999995
-115.18000000000005
-108.05000000000007
-103.13000000000001
-104.38000000000004
-103.28999999999998
-108.21999999999997
-95.42999999999999
-107.27000000000004
-102.65999999999995
-96.98000000000002
-101.36
-94.46000000000005
-105.84000000000006
-93.77000000000001
-100.13
-89.13999999999997
-101.71
-92.63000000000001
-94.12999999999998
-94.72
-91.47000000000004
-89.45000000000002
-87.04000000000002
-93.26
-91.74000000000004
-92.81
-84.03999999999996
-88.33
-85.32000000000002
-82.60999999999996
-83.88000000000002
-84.82000000000001
-91.18000000000002
-79.56000000000003
-79.33999999999999
-80.46000000000001
-78.59000000000002
-76.85999999999999
-76.89000000000003
-73.94
-78.67999999999999
-85.69
-74.98999999999998
-73.48000000000006
-79.12000000000002
-76.22
-77.08000000000001
-76.11999999999999
-65.67000000000003
-79.02999999999997
-72.78000000000002
-73.09999999999998
-78.63999999999999
-68.00000000000001
-67.47000000000001
-73.70999999999997
-75.82000000000002
-70.23
-65.98
-70.63999999999996
-77.23999999999998
-65.20000000000002
-72.95999999999998
-67.76999999999998
-65.43999999999998
-65.64
-59.56
-64.25999999999998
-65.27000000000001
-59.099999999999994
-60.22999999999999
-67.96999999999997
-65.2
-64.44000000000003
-67.44999999999999
-64.28000000000002
-61.679999999999986
-61.55000000000002
-60.94999999999999
-61.399999999999984
-67.86999999999999
-62.89
-60.89000000000003
-60.820000000000036
-60.57000000000001
-61.77000000000001
-62.48000000000001
-62.49
-58.179999999999986
-58.829999999999984
-59.87000000000001
-57.370000000000026
-61.199999999999996
-56.879999999999995
-57.080000000000005
-54.39
-51.18999999999998
-60.83000000000001
-57.36000000000001
-48.55
-57.09
-55.85999999999998
-60.75999999999999
-55.549999999999976
-53.519999999999996
-59.15000000000002
-55.79
-60.500000000000014
-54.050000000000004
-53.68000000000002
-59.13999999999999
-52.29999999999998
-52.27
-55.81000000000002
-51.230000000000004
-54.449999999999996
-51.59
-49.130000000000024
-47.070000000000014
-52.99000000000003
-51.01999999999999
-56.70999999999999
-50.199999999999996
-58.54
-48.54000000000002
-50.47000000000001
-51.98999999999999
-52.779999999999994
-45.339999999999996
-46.69000000000002
-49.879999999999974
-45.61000000000001
-50.980000000000004
-47.599999999999994
-50.33000000000002
-47.04999999999999
-51.730000000000004
-49.300000000000026
-44.73000000000002
-45.88000000000002
-51.09000000000002
-50.81
-50.09
-43.519999999999996
-40.49
-47.15
-40.75999999999999
-49.39000000000001
-45.64000000000001
-40.19999999999999
-49.99
-39.4
-51.07000000000001
-45.269999999999975
-54.56999999999997
-46.92
-52.779999999999966
-49.54000000000002
-50.05000000000001
-43.56000000000002
-48.93000000000001
-47.379999999999995
-33.559999999999995
-50.169999999999995
-44.09
-48.24000000000002
-38.49
-45.150000000000006
-40.01
-48.33
-45.87
-45.669999999999995
-38.07000000000001
-46.65000000000002
-44.59
-48.120000000000026
-48.09
-43.529999999999994
-41.40000000000002
-45.09
-43.69000000000002
-51.37000000000001
-47.930000000000014
-43.80999999999999
-42.85
-39.70000000000001
-45.320000000000014
-42.14000000000001
-40.23
-38.05
-42.75
-41.72
-35.96999999999999
-36.19
-45.66000000000002
-43.62999999999998
-46.52999999999999
-43.36000000000001
-39.209999999999994
-44.100000000000016
-46.10000000000003
-45.06
-40.34000000000002
-40.950000000000024
-42.37000000000002
-45.459999999999994
-40.330000000000005
-37.94000000000001
-44.71
-35.85000000000001
-43.30000000000001
-41.88000000000001
-46.27000000000002
-37.29
-46.14000000000002
-37.809999999999995
-42.550000000000004
-35.82
-41.83000000000002
-42.160000000000004
-37.339999999999996
-35.79999999999999
-38.550000000000004
-43.53000000000001
-40.31
-36.61
-36.610000000000014
-37.199999999999996
-36.27000000000001
-39.760000000000005
-41.32999999999997
-46.910000000000004
-45.25
-43.13
-40.269999999999996
-33.42
-36.57
-38.959999999999994
-41.010000000000005
-43.29000000000002
-42.43000000000003
-44.11
-32.80000000000001
-32.95
-44.089999999999996
-42.069999999999986
-35.67999999999999
-33.35
-36.15
-36.540000000000006
-37.46
-38.24000000000001
-41.36999999999999
-44.84000000000003
-39.03000000000002
-40.70000000000002
-37.39000000000002
-34.56000000000001
-40.59
-37.48000000000002
-32.89
-40.290000000000006
-42.590000000000025
-42.190000000000005
-33.509999999999984
-35.28000000000001
-38.989999999999995
-40.29999999999999
-33.350000000000016
-32.57
-39.37000000000002
-42.010000000000005
-37.9
-37.03
-39.20000000000001
-40.78000000000002
-37.45
-41.95999999999999
-41.330000000000005
-42.10999999999999
-35.269999999999996
-35.45
-40.139999999999986
-33.17999999999999
-37.21000000000001
-38.300000000000004
-35.12999999999999
-41.57
-37.23999999999999
-37.830000000000005
-40.15000000000003
-41.570000000000014
-37.150000000000006
-31.95
-42.72000000000003
-38.24999999999999
-40.010000000000005
-34.370000000000005
-38.16
-33.839999999999996
-37.11000000000001
-35.98999999999999
-37.21000000000001
-36.2
-36.07999999999999
-35.42000000000001
-34.54000000000001
-41.36000000000001
-36.329999999999984
-31.240000000000016
-34.54999999999999
-33.70999999999998
-31.739999999999995
-35.080000000000005
-35.58999999999999
-41.57000000000001
-34.93999999999998
-37.12000000000002
-36.59
-36.28999999999999
-36.24999999999999
-36.15999999999999
-38.95000000000001
-35.47999999999999
-37.989999999999995
-41.100000000000016
-32.60999999999998
-37.52000000000002
-40.99999999999999
-32.98
-39.22
-35.80999999999998
-37.22000000000002
-39.75000000000001
-36.160000000000025
-37.49000000000001
-35.64000000000001
-31.879999999999992
-40.239999999999995
-39.40000000000001
-37.269999999999996
-35.58
-33.82000000000002
-45.089999999999996
-35.11000000000001
-32.08
-32.94999999999999
-36.199999999999996
-35.65999999999998
-36.74
-39.55999999999999
-32.069999999999986
-36.2
-34.269999999999996
-36.299999999999976
-41.64000000000003
-37.05000000000002
-39.43999999999999
-41.63999999999999
-31.749999999999982
-35.12999999999998
-36.16000000000001
-40.39999999999999
-33.189999999999976
-38.63000000000001
-31.479999999999986
-39.72000000000002
-37.66
-33.16999999999998
-32.62999999999998
-28.399999999999984
-32.32999999999999
-39.880000000000024
-37.99999999999998
-40.29000000000001
-30.53999999999999
-40.31000000000001
-36.940000000000026
-34.62999999999998
-36.019999999999996
-33.32999999999998
-38.92999999999999
-42.17000000000002
-41.61000000000001
-40.80000000000001
-43.69000000000001
-39.38
-34.61999999999999
-38.29
-34.61
-37.629999999999995
-33.459999999999994
-37.890000000000015
-32.18999999999998
-41.43999999999999
-37.099999999999994
-34.94999999999999
-36.94000000000002
-39.400000000000006
-34.529999999999994
-42.28999999999999
-41.34999999999997
-31.889999999999983
-34.57999999999999
-41.029999999999994
-39.91000000000002
-41.95999999999998
-31.899999999999977
-37.35999999999999
-38.68999999999999
-35.64000000000002
-37.239999999999995
-36.73999999999999
-31.24999999999999
-33.74000000000001
-35.169999999999995
-35.77000000000001
-36.97999999999998
-32.8
-40.57000000000003
-39.05000000000002
-37.959999999999994
-39.64000000000001
-42.07000000000003
-34.309999999999995
-35.74
-42.36000000000003
-38.66000000000002
-34.919999999999995
-34.78999999999999
-39.310000000000024
-36.65000000000003
-41.17000000000002
-27.149999999999995
-35.629999999999995
-39.440000000000005
-36.75000000000001
-37.340000000000025
-34.080000000000005
-31.719999999999985
-36.64000000000001
-41.029999999999994
-45.43000000000001
-40.29
-36.09
-32.17999999999998
-27.949999999999996
-35.44999999999999
-35.61
-35.59999999999999
-41.63
-30.669999999999987
-33.12
-35.78
-33.34999999999999
-40.910000000000004
