13
10
11
10
9
10
12
18
20
18
58
52
10
40
60
62
71
117
25
120
46
112
56
170
31
104
129
109
114
112
99
115
146
162
106
137
152
168
164
142
170
200
200
149
200
137
141
200
139
177
166
200
139
124
148
125
128
133
137
171
176
145
200
200
131
200
128
200
200
200
200
162
114
200
184
200
114
189
200
200
200
191
149
200
129
166
128
140
200
162
200
200
185
143
177
175
139
166
200
194
124
200
183
189
161
170
137
200
200
134
172
200
157
151
200
149
200
200
200
166
200
127
176
196
138
157
200
200
200
145
200
160
200
200
185
143
200
200
200
142
200
200
200
157
200
186
172
154
200
200
136
131
178
151
167
200
200
200
200
200
200
147
124
169
176
138
164
149
140
165
200
200
200
186
200
200
200
200
142
139
151
200
200
200
183
170
200
200
199
200
132
152
200
196
139
178
159
200
200
200
180
200
145
200
136
186
200
144
200
152
148
200
200
191
145
189
157
200
200
170
200
200
200
200
200
200
193
200
200
153
200
200
142
200
200
136
139
158
186
152
200
200
190
200
131
200
200
200
200
200
191
141
200
194
132
200
200
200
200
200
161
200
165
177
200
200
152
162
200
160
200
144
200
200
200
153
137
200
158
200
200
196
153
186
200
200
200
185
161
200
200
173
200
200
174
200
178
163
200
157
200
162
200
200
189
200
160
200
200
143
199
200
161
200
200
200
200
200
200
200
200
200
200
200
200
175
200
200
200
166
152
185
169
167
160
200
157
200
200
147
200
177
200
149
151
200
200
190
200
159
200
200
200
140
200
200
200
200
169
163
200
200
200
200
200
200
160
128
200
200
145
200
200
149
200
141
137
200
200
162
200
200
200
128
200
200
186
195
200
200
200
200
174
200
200
200
200
158
200
200
200
200
200
200
200
200
200
200
139
200
200
200
200
149
200
200
200
200
154
200
132
200
149
146
165
200
200
145
200
200
200
198
172
128
200
200
200
200
164
181
200
189
162
200
146
200
200
200
200
161
142
152
160
200
144
154
200
200
147
200
200
187
200
149
174
200
200
200
200
159
200
200
168
200
200
200
174
200
200
200
200
187
200
191
200
172
200
200
200
200
197
188
200
200
200
190
200
200
200
200
157
191
156
165
135
187
200
200
156
200
200
200
200
167
200
200
133
200
200
200
200
200
161
195
148
200
160
200
181
178
200
139
200
170
200
165
200
200
156
200
155
177
200
200
200
200
200
200
143
200
200
190
153
165
195
189
200
200
189
180
163
200
188
172
200
200
200
200
200
190
200
179
200
200
174
200
200
200
199
200
136
190
200
152
183
163
142
200
178
200
200
175
197
200
165
134
200
200
200
200
200
187
195
200
142
200
200
200
200
200
200
200
200
200
200
167
200
192
200
122
200
200
184
171
200
200
200
200
200
200
200
200
200
200
200
147
200
168
200
182
200
200
200
200
200
186
161
179
157
200
200
200
200
200
183
168
200
200
199
192
164
200
200
194
200
153
200
149
200
142
195
200
200
137
160
195
200
200
200
194
200
170
200
170
193
200
159
200
200
200
200
200
200
200
158
200
200
180
200
147
200
200
200
200
200
200
200
177
200
148
195
200
200
200
200
163
193
200
200
200
200
200
188
200
196
155
200
200
200
196
200
200
166
200
189
141
160
188
200
200
200
200
200
142
200
200
181
200
169
200
200
134
200
200
146
200
200
200
200
144
200
200
200
200
200
157
200
200
200
185
185
200
200
200
152
193
200
200
140
154
200
184
200
147
151
185
194
118
200
200
136
200
200
200
200
127
200
200
200
200
200
200
200
131
200
200
200
200
200
200
200
152
142
160
200
174
194
197
200
200
200
60
148
62
200
200
200
167
200
198
200
200
189
200
200
151
200
200
200
200
200
152
132
200
200
127
159
200
200
132
200
200
200
200
186
200
200
200
188
200
179
200
200
130
200
200
200
120
200
200
200
143
200
130
200
155
200
167
192
200
141
200
200
200
200
200
200
200
200
178
200
129
200
125
130
200
200
184
200
200
200
200
200
200
200
200
169
200
200
200
200
200
200
200
199
151
200
110
200
200
200
200
143
200
200
200
184
200
200
200
200
155
200
200
200
152
200
200
200
165
200
200
200
145
200
163
200
200
200
136
148
200
200
200
200
200
200
200
200
200
200
143
200
200
200
200
200
200
196
200
200
200
200
162
198
200
200
194
200
200
200
200
200
161
200
200
200
200
200
191
200
200
200
200
167
200
200
158
200
200
125
200
200
200
200
200
196
138
140
200
200
200
200
200
200
193
184
139
200
156
200
200
200
193
200
200
145
200
200
146
200
200
160
200
200
200
200
198
200
200
200
200
200
138
200
200
200
200
200
150
199
200
200
200
200
200
200
200
193
200
200
200
200
200
200
200
141
200
200
200
152
200
189
200
167
135
174
200
200
200
142
189
179
143
200
200
72
200
200
139
200
200
200
200
200
177
200
155
200
200
197
180
119
148
200
126
165
200
200
189
200
172
115
200
200
200
200
200
200
139
200
200
200
200
193
163
200
173
200
200
200
200
169
185
200
200
200
200
159
163
138
200
200
200
200
200
159
196
183
200
200
200
162
158
200
200
200
200
176
200
175
200
198
139
200
200
200
164
169
155
200
200
200
200
200
82
154
200
200
77
172
175
200
200
200
200
141
200
176
200
145
193
200
131
159
200
200
146
188
200
147
167
200
200
200
200
181
197
154
175
200
200
200
200
200
200
200
141
156
200
200
110
200
149
200
200
200
200
110
183
200
200
194
200
200
200
188
200
173
200
177
200
194
200
200
200
200
200
200
197
120
200
200
200
175
200
200
200
169
200
200
134
200
183
200
200
118
183
200
132
108
152
176
118
188
163
200
200
200
200
188
200
155
200
200
174
200
179
200
200
200
187
200
158
200
200
179
185
170
200
200
113
200
195
200
200
198
135
109
200
200
200
200
200
179
197
190
109
109
200
166
200
191
200
135
200
191
200
112
153
200
150
190
187
113
108
200
200
200
122
108
200
117
184
200
200
200
118
200
175
200
200
200
129
173
200
200
180
199
200
200
200
200
146
200
200
200
200
200
171
172
200
200
200
200
200
183
200
200
200
200
200
200
200
200
200
143
200
184
168
172
200
200
200
200
182
200
200
200
200
200
200
200
175
200
200
148
200
182
200
138
168
200
200
200
200
200
200
194
163
200
155
200
141
198
200
200
159
200
200
175
144
175
200
200
200
200
184
200
200
200
200
200
179
200
146
200
177
200
200
200
200
200
200
200
200
164
200
147
200
168
169
200
200
200
165
200
200
200
200
200
169
200
200
200
200
149
188
200
200
150
149
173
200
200
197
200
200
184
200
200
200
200
200
200
152
172
200
200
200
200
196
200
200
200
139
200
200
200
200
181
171
200
136
157
200
200
200
163
200
200
200
200
156
200
200
200
159
200
200
152
200
163
200
155
200
165
161
200
200
200
200
139
200
200
200
200
200
200
200
166
200
200
200
200
200
156
200
200
200
172
177
200
200
167
200
162
200
200
200
155
200
200
200
200
200
200
194
200
200
145
200
150
200
200
200
200
200
162
199
200
200
200
168
200
200
200
158
200
200
159
152
200
200
200
200
199
195
200
200
200
200
200
169
200
200
200
194
200
200
155
200
200
200
145
140
200
200
200
200
200
200
200
200
152
200
200
200
200
200
191
200
200
200
200
200
200
181
158
200
200
200
168
200
140
200
200
200
196
200
200
200
186
179
200
200
200
192
200
200
200
191
200
200
200
200
150
200
136
200
142
200
198
200
198
200
200
200
200
194
200
200
144
177
148
200
200
200
200
200
150
200
200
157
146
200
200
138
200
162
200
170
200
200
200
200
200
159
197
143
200
200
200
200
200
151
165
144
146
167
200
200
200
200
200
200
194
185
200
200
200
200
200
200
200
200
200
183
200
200
200
200
200
200
200
200
200
200
200
198
200
200
163
200
166
200
200
200
200
200
200
200
200
200
153
200
200
163
200
198
200
200
200
178
146
166
200
174
200
200
178
200
200
200
174
200
148
200
136
200
200
154
200
200
200
200
200
200
199
200
152
200
200
200
200
200
200
200
200
200
200
200
200
160
200
200
200
200
200
200
200
200
200
200
200
200
172
200
190
200
200
200
200
200
200
190
186
200
200
200
200
200
200
200
200
200
200
200
200
200
200
200
200
200
171
200
200
200
200
200
200
180
200
200
200
182
200
200
200
200
200
200
200
200
200
171
200
200
200
200
189
200
200
200
200
200
198
176
200
200
200
139
200
193
200
200
200
190
200
200
200
200
172
200
200
200
176
200
200
200
200
200
162
200
200
200
200
193
200
200
200
200
200
200
200
188
200
200
200
200
200
200
200
200
200
200
200
200
200
200
200
200
200
200
200
200
140
193
200
200
200
200
200
200
172
200
181
200
200
200
200
200
200
200
200
200
200
200
200
200
200
200
200
200
200
200
200
200
200
200
200
200
200
200
200
197
200
200
200
200
