18
33
16
16
141
16
17
10
25
18
9
50
9
9
16
31
26
24
41
24
59
53
10
113
131
19
87
134
42
10
70
82
153
10
11
18
31
45
25
54
14
87
55
138
26
30
47
43
71
41
27
32
60
25
141
69
33
42
81
65
37
55
13
11
42
13
17
31
43
89
74
28
63
31
35
42
51
56
38
32
20
62
169
31
71
179
26
37
119
38
150
200
181
189
61
122
200
169
154
153
113
138
181
200
134
159
171
156
200
172
67
146
187
166
125
200
94
53
60
81
63
35
130
87
20
23
200
200
131
119
107
124
145
193
136
118
159
173
129
111
141
113
148
115
27
61
36
47
200
200
23
179
145
150
188
61
33
190
155
192
129
167
138
148
161
200
200
84
35
157
200
113
200
119
200
190
157
69
155
200
200
11
101
11
60
200
200
200
144
161
128
169
139
132
200
104
157
196
178
94
94
168
200
133
135
165
115
108
171
104
127
146
172
102
186
109
95
114
189
106
148
104
155
200
29
34
35
27
112
111
89
58
39
39
200
90
200
69
166
121
162
137
110
173
187
139
157
28
193
151
169
183
172
179
181
132
180
200
66
131
65
200
145
179
165
169
183
191
200
200
190
190
200
199
200
125
146
200
200
155
173
179
138
167
200
148
153
200
160
149
186
157
191
159
180
83
130
126
200
166
200
177
182
160
137
174
154
180
200
200
194
154
142
186
183
200
145
158
166
143
200
64
144
139
117
62
52
75
146
200
151
155
200
89
200
175
117
200
200
200
200
190
189
162
200
70
155
200
163
200
163
200
200
126
124
198
97
200
200
173
166
175
58
156
173
200
200
64
160
162
191
191
152
148
200
188
142
81
167
194
177
191
200
154
186
43
40
66
128
125
200
200
56
198
200
200
125
43
69
23
16
200
11
200
166
200
148
155
195
166
192
200
200
154
188
181
149
161
200
179
168
200
165
167
162
188
200
200
190
75
200
200
159
187
200
196
173
200
184
164
179
200
200
152
200
180
143
186
184
95
152
167
185
158
200
200
175
134
183
166
196
200
27
134
169
191
172
173
163
155
151
200
177
144
196
200
170
181
174
198
200
147
200
200
140
177
174
200
200
200
200
200
200
164
165
199
172
193
171
65
72
77
200
200
169
200
175
147
188
200
194
62
162
133
197
180
200
89
160
41
67
76
73
200
200
144
42
99
119
23
125
57
44
82
96
59
69
55
52
85
64
56
101
200
67
39
192
113
192
186
200
146
126
141
106
26
195
23
174
141
200
23
120
200
163
200
44
16
52
54
184
184
33
65
200
160
200
200
183
200
185
200
175
190
73
81
15
157
88
87
193
200
200
181
200
148
200
18
194
200
200
200
200
189
196
175
29
26
156
200
17
137
103
98
172
162
153
118
200
200
200
200
200
200
194
200
200
200
177
171
132
128
196
162
156
157
200
45
63
183
200
200
183
200
181
138
153
105
200
200
157
200
200
200
103
200
190
173
93
182
85
118
101
132
125
200
170
97
200
193
182
125
187
200
200
85
95
176
200
190
200
200
61
60
119
120
66
172
200
200
193
146
196
137
143
187
137
200
164
190
154
148
146
200
147
126
159
165
146
132
161
200
149
165
179
178
172
200
197
194
186
200
200
176
143
200
171
200
165
179
200
184
119
176
200
158
191
168
200
200
176
200
131
173
134
149
198
200
121
173
200
200
171
190
114
154
183
159
200
200
46
81
29
200
200
184
105
61
54
113
125
112
195
171
132
100
188
173
200
96
111
200
76
147
200
200
200
61
200
121
200
200
167
47
200
173
138
187
180
170
58
200
96
45
142
72
167
196
200
200
110
150
200
178
170
146
189
136
103
108
182
112
200
148
173
169
200
200
141
183
157
200
161
185
200
200
165
167
125
200
200
200
200
128
160
200
200
200
124
38
99
200
200
200
200
198
191
200
176
200
185
200
200
200
200
143
134
135
200
188
200
178
183
166
158
149
200
200
63
188
165
200
165
200
200
108
152
162
200
158
172
200
165
137
200
143
141
200
72
49
78
200
98
64
46
200
200
200
174
200
73
185
157
200
136
158
200
200
200
200
200
200
200
200
200
106
174
94
200
200
32
82
84
128
200
200
200
138
130
120
142
103
200
136
200
200
200
95
136
80
99
73
124
200
112
93
120
173
170
142
118
188
200
200
149
137
47
38
119
90
62
78
99
139
200
200
153
114
49
118
121
135
99
113
122
116
135
77
131
101
87
94
121
138
131
75
140
132
99
127
125
123
141
117
85
87
89
102
97
112
130
147
200
108
54
128
80
105
143
101
73
129
72
70
102
120
113
114
154
98
149
138
141
135
109
101
123
85
144
131
115
103
174
92
110
131
156
156
67
116
104
129
111
100
133
96
134
96
107
143
119
106
127
138
178
104
143
123
104
148
144
123
124
95
113
136
109
117
116
100
200
109
184
148
130
102
143
138
86
193
192
98
123
164
188
81
148
151
137
142
110
125
166
170
117
120
109
169
117
97
120
108
155
167
109
125
112
101
145
102
177
111
124
89
117
98
95
171
193
130
120
96
108
141
186
118
180
98
174
105
137
133
171
166
94
142
110
166
200
170
63
29
122
172
197
179
104
157
110
92
146
123
84
200
110
176
89
134
181
107
117
200
97
30
109
171
134
200
74
189
176
45
124
96
113
140
140
158
164
125
93
88
175
131
146
108
128
146
37
183
72
129
135
41
54
123
150
107
98
110
135
200
111
93
196
158
150
179
141
154
131
200
163
69
104
93
121
96
130
197
89
156
156
140
118
190
131
110
124
126
77
99
86
114
144
23
143
117
124
162
142
92
171
165
117
166
154
105
147
97
137
75
143
122
143
76
113
136
125
147
158
132
81
141
106
191
200
138
162
145
130
134
145
158
101
104
122
98
156
124
115
146
185
200
141
85
135
113
92
141
104
150
104
146
136
139
142
153
117
125
200
132
112
111
65
125
106
178
107
113
111
154
94
153
121
112
148
145
112
148
89
133
113
128
86
171
105
53
91
158
159
83
133
176
132
95
119
200
117
109
57
170
62
115
50
56
181
97
88
104
67
173
169
59
96
148
72
177
117
93
58
112
125
200
101
147
100
164
171
111
115
75
106
171
147
85
58
99
88
27
60
30
38
80
94
113
107
32
27
177
154
173
186
122
45
52
27
49
37
82
63
36
48
48
160
67
41
30
122
61
45
199
70
98
40
124
83
111
57
151
125
134
98
115
173
151
79
157
76
129
140
152
74
72
45
53
146
117
200
80
127
42
141
150
138
108
130
200
160
175
83
124
200
172
68
73
67
200
200
177
149
96
130
38
136
200
171
182
188
196
164
70
161
87
90
175
84
185
180
72
123
105
168
183
165
200
90
200
182
119
85
197
134
200
137
200
172
110
124
200
162
173
112
200
170
131
161
104
162
156
161
164
152
129
83
200
159
145
69
200
184
124
154
41
155
157
102
55
129
123
138
152
164
54
92
100
200
180
160
148
80
137
176
105
104
171
200
129
150
103
200
143
95
159
88
82
193
101
89
87
159
100
35
166
185
200
200
137
184
200
145
178
121
145
178
181
152
155
200
200
187
188
200
199
46
200
200
195
200
200
200
197
200
187
200
200
158
155
165
43
48
62
106
105
10
60
54
114
81
46
148
70
15
19
143
20
9
123
59
21
41
88
154
44
64
64
19
200
200
200
200
122
106
200
148
200
200
160
188
200
153
103
105
123
41
200
68
28
144
46
46
159
143
194
108
200
112
103
200
58
200
187
197
131
200
200
200
179
99
184
121
155
85
198
111
175
118
200
132
200
93
93
141
100
130
133
32
200
154
109
112
70
64
29
200
159
200
73
105
158
200
200
200
135
200
200
152
28
159
65
200
144
102
190
200
118
187
36
18
39
200
200
200
27
173
200
200
125
154
71
200
200
140
198
200
177
175
132
200
179
200
198
135
200
200
164
200
18
200
200
200
200
108
140
57
200
200
200
166
127
165
200
200
200
199
194
182
200
200
200
130
200
183
200
28
53
86
200
104
93
149
51
48
200
200
191
200
200
147
200
200
200
115
200
200
104
58
176
200
163
179
81
200
186
134
60
200
200
45
200
94
200
200
158
196
120
92
85
175
200
175
200
179
200
200
25
13
200
140
157
200
143
130
87
127
81
192
155
200
24
200
200
200
200
200
200
200
200
85
69
96
75
52
125
89
107
107
32
56
200
200
200
190
200
52
186
87
200
200
200
181
200
200
159
200
181
158
200
195
200
181
200
200
200
200
177
197
200
186
188
200
200
200
149
167
156
182
149
200
174
172
157
200
178
200
177
194
200
194
184
200
200
171
176
191
200
188
200
200
200
193
200
176
200
200
179
200
200
200
200
171
180
175
200
200
174
177
200
167
169
200
200
154
200
200
200
197
183
200
200
200
200
200
200
200
200
200
200
200
200
200
200
200
142
200
200
185
157
200
200
196
171
159
200
176
195
200
200
173
200
174
200
155
119
168
185
125
200
200
182
