23.06000205923644
22.561829768220335
22.166910776942007
21.821235847779228
21.33122740483753
20.891751281976376
20.529762890503726
20.074038467344973
19.65034136923164
19.24127511259137
19.090703494236575
18.784081741252486
18.4181015572744
18.155916993895108
17.835297555814297
17.431357973093508
17.247380274624494
16.961635831320073
16.54304026763222
16.16014298325644
16.110830597762124
15.880195228099042
15.774632410743378
15.508009975703887
15.278709756437497
14.957900305018944
14.886206148946227
14.751801632709133
14.486806626412427
14.193669436569895
14.029531992435773
13.83548100953504
13.64534009120934
13.09688447241438
13.09400745756072
12.692796715803139
12.509104518850474
12.372218234175797
12.311267899888437
12.189519923594329
11.981856331687993
12.021407455405713
11.985672848058215
11.749909158521582
11.511857527947988
11.523655780376938
11.314868619507628
10.950901090179938
10.712661637513984
10.685064768229877
10.53724383082023
10.574698112986086
10.54453707742147
10.235153263082687
10.016746673547683
9.967043095959179
9.98434633877929
9.82434750750954
9.713038048274646
9.470543501410228
9.311860213610506
9.020472580638378
8.911388738542033
8.8039665360728
8.855564680136368
8.670597876912856
8.443898858478217
8.344874717917888
8.431912886192531
8.423988580129782
8.089490542972888
8.238255456641886
8.350124444984502
8.523135873752553
8.498149320962895
8.308994211581329
8.51415094932291
8.488703459880362
8.589790671223486
8.476572096053392
8.316070840128125
8.220144893876654
8.266509512298095
8.129289215090516
8.225179113472826
8.006623717721537
8.279242808335034
8.330394905311223
8.06451723634538
8.2734161693677
8.143937751211926
8.125457256457818
8.146822628578809
8.139812160818522
8.212274236639129
8.13618982052552
7.970339497698179
7.908278146803335
8.16343769321894
7.829602318984212
