23.00277409733464
22.34955328173711
21.828993945668444
21.431368748495114
20.896094145089272
20.532866795501164
20.162450191792686
19.953020594760666
19.303299696931493
19.03241145825893
18.538845722422373
17.976574490248527
17.743461119151434
17.258775994888392
16.86545638852765
16.450780706570814
16.15774070287127
15.87730232436737
15.646370548088957
15.168505007189605
14.881644740984015
14.540883600703822
14.517609344750468
14.225312478915239
13.82911953271401
13.667689311561672
13.448155384767354
13.027247726950902
12.91132157308523
13.056977226445206
13.378957050633757
12.92904052006114
12.646673731512802
12.206873940040964
12.246382702448903
11.919329299170563
11.374081392498187
11.74055557292661
11.742558651127721
11.537132584165205
11.240988452602231
10.889007335635732
10.714846495570225
11.058950168260656
10.877264243179198
10.835710860606659
10.914935074609398
11.00717999289668
10.667278079625323
10.353737431637036
10.711036832516374
10.479947616569383
10.619793595492705
10.43180056658706
10.565132651290755
10.404566037192344
10.695091025783638
10.658572274171588
10.725447511004285
10.555181956431598
10.676546911461017
10.724809330851382
10.645364567483275
10.79919817476153
10.644938814880874
10.170418835365316
10.099456099553684
10.16756270704384
10.170443374945444
10.040930110128194
9.781803201951396
9.748613813335622
10.182210659825078
10.167275479392817
10.090003446577883
9.875918191609824
9.556271954658675
9.72015126741293
9.821719426299255
10.01289292267586
10.004792392439358
9.99982436185883
9.904115569367786
9.584520165886506
9.847271393764036
10.295034296608973
10.029448897491152
10.333162757652637
10.200191445423279
9.72255414968507
10.033592779910569
10.178720559085523
10.07987416843675
9.53401881174909
9.648192524878384
9.773271511175988
10.001641477809523
10.409928266672235
10.296630553571008
10.356551195139485
