0.22879515340632156
0.222602773448559
0.2166469629212262
0.21157738509476065
0.2039558840060384
0.19906210387251208
0.19399315725723043
0.18958063950817008
0.1856843124847251
0.18172110088986024
0.1737905698221881
0.1661430253668881
0.15917464267702713
0.15492338749974582
0.1517545799741277
0.1511748114589485
0.14776540888108744
0.1463883899883639
0.14064899410666099
0.13762745363512313
0.13781235263244335
0.1305375940645084
0.12888175472290775
0.127051958549754
0.1252416303814884
0.12246453450285431
0.1161187725496282
0.11529558518214503
0.1157298794515116
0.1144804725927065
0.113906056566049
0.10600113614845863
0.10088725394655099
0.09334519767983167
0.08600194232238127
0.08515251615678501
0.07986183018822962
0.08231266918516907
0.0779968966062719
0.07087770520849608
0.07546252111138763
0.07568859668985572
0.08669189302942337
0.08027859419275471
0.07400865075848781
0.06758754216135805
0.06085365059527549
0.06822890555107315
0.06626192092589003
0.06076031627777127
0.05959221745320764
0.05971993443621363
0.05383993307795054
0.05475540452339049
0.04890503094202614
0.04347694013945169
0.04741569907822458
0.04649766163082073
0.039343083210293756
0.04909703187822854
0.04890816097716905
0.04350556406804133
0.047690906591957676
0.048988936802589346
0.06810237804234279
0.0671380835789039
0.07024087819955509
0.07194542039355058
0.06597844718459572
0.06719036422143805
0.06769488410463673
0.06897063068533472
0.0643536755291497
0.06640640659527981
0.07378039854334033
0.06971101254810992
0.06292159292855175
0.0647965917749832
0.0705032120135151
0.06326854816053815
0.056939576718934605
0.055182387508597296
0.05228912985924733
0.04555079183142239
0.05365668312275934
0.05515496723815042
0.059469822414324525
0.05500911906272643
0.056615315214787916
0.04953971458243306
0.04615713847186411
0.044064879454129784
0.037991422576969636
0.03247759480757451
0.03447853085308605
0.029000330660807552
0.023696912286198534
0.023845385102274925
0.0312997441752169
0.031056457717250168
