23.133474951307523
22.753910404094224
22.111038599178066
21.496442983132546
20.692618141986085
20.213116863466837
19.500710393549628
19.16454519577565
18.696578629178983
17.9401210905039
17.17335596030107
16.91575386319132
16.86617088931858
16.46145400827721
15.715545890850187
15.170339952325891
14.845369133098243
14.52644089603416
14.454806683679397
14.09121009581596
14.107206182290016
13.839404600319213
13.841387905864323
13.89744580906883
13.744199188028318
13.681923928554943
13.27810142982864
13.476193960862753
13.516634552943504
13.548295575016635
13.105259472719627
12.544436317706486
12.36149949171454
12.754642375394003
12.735260246480278
12.692934759076342
12.891588895290376
13.194636308554232
12.95419072972653
12.953883470601044
12.757358044402986
12.414566484210445
11.996751120724932
12.187100302963747
11.810642532202266
11.435508308644657
11.004274982170129
10.356561097466457
10.256022884069544
10.587306546455833
10.942746661481381
10.661028938605767
10.872813648096129
10.909684478821015
10.732741714852096
10.76717503415767
10.799141416033018
10.366556303233297
10.458605116587032
10.012883666426912
10.063170747943516
10.427995683890076
10.961533700022628
10.576800893110613
10.541030921011394
9.801778893388867
9.485750758651713
10.832461447228088
10.663050592646172
10.48533508644599
10.290859320728819
9.878864997145412
10.269517511762785
10.928652991150363
11.229456101663427
11.243090240003982
10.845692678755436
10.500804899088706
10.537776802892761
10.465529660228635
10.245448513012647
10.246316934281651
10.055595703054715
10.278684809558333
10.763979872844908
10.438960638014926
10.431538025870697
10.592461875654081
10.323658356968693
10.321705396305891
10.756531364932645
10.500915374039197
10.30886205416705
10.402787039531697
10.782409595873748
10.495551161306853
10.79122638333944
10.493626085158947
10.438621214350565
10.153662747288026
