23.321422898719565
23.097519685365118
22.8974659111044
22.670515233478227
22.406705308141575
22.20228311298797
21.955710135130246
21.748148193397466
21.562196891850856
21.33141865104719
21.16134851828311
20.825826992216136
20.591662109985663
20.398936657932584
20.170357357047873
19.949694691512818
19.7465292807613
19.556821023812738
19.393905286662743
19.236127323503833
19.03993758356486
18.798696266285333
18.581482099330866
18.33174730886229
18.166557448913043
17.966639170501974
17.80786441365783
17.690191339231546
17.530208491005645
17.375135171264105
17.168249899141212
16.979686017064758
16.78474248782821
16.640729766214527
16.53423820600599
16.342322083992475
16.21514860218844
16.07160366865398
15.981862864813262
15.752689528072674
15.62132546326215
15.474988277468851
15.34892110496741
15.18263956249322
15.048236804037513
14.922159439613818
14.727521145332743
14.660197128279757
14.478633872491612
14.35673953848682
14.244266456215511
14.11811939983055
14.013620546578595
13.89604861663673
13.941578170537806
13.862078424338177
13.798910498058186
13.687094118666533
13.523099877344903
13.360702918598253
13.219711278571747
13.111125936181232
13.00583838977824
12.784272858289185
12.591710776441985
12.472915029540863
12.347681719611435
12.187494714163156
12.080020769875619
12.022390585676666
11.935466709992541
11.794067040347805
11.667649275639898
11.601785101133826
11.4624804924965
11.366242787093606
11.237435939432789
11.148261006951612
10.999497717420352
10.937580760141325
10.876041968039317
10.785457001282486
10.698207464800834
10.65126698422539
10.557071031312283
10.416756563100053
10.415851446544957
10.331688176173392
10.194635269542674
10.043405158180168
9.98835835885426
9.879227146865492
9.832362853245115
9.914247394805205
9.735143235507067
9.600397689260852
9.610175352719873
9.596102715993606
9.548485507385147
9.473806153825452
