0.4321136681733432
0.3948889474093627
0.37063208904520334
0.34975580470483647
0.34152120065208413
0.3293373223082525
0.27932262433861643
0.23658977229742648
0.22563075841838234
0.1863564920619627
0.168270435332528
0.1363588563547005
0.10168280121285136
0.10578161801982858
0.11860695522296652
0.1228945311628579
0.13670109222180787
0.1561822970858564
0.14927745889768884
0.14704328110795856
0.11054674410005007
0.1191455438457579
0.10641168294825698
0.11883917333113131
0.14392332802080154
0.09481448492053185
0.08647318937240825
0.06553349198501768
0.05173662451102658
0.06385964553473124
0.07223723651162323
0.08599855823963617
0.11416590973133017
0.09008770071674889
0.09778124425986473
0.0919451826967522
0.10220169524004405
0.05591072991450703
0.08429842957408631
0.0630335255653614
0.08626167086825806
0.11171476827913333
0.1458336812265455
0.14945406884907264
0.151071680501208
0.16734472360816868
0.16026538138303814
0.14308768362042162
0.12829805945322897
0.12644511056446464
0.09494232653013635
0.10562583491688055
0.12345029650217192
0.1479644443894712
0.14191967700673347
0.13419546806784033
0.16537215095812552
0.16204608384772295
0.12373752122533846
0.1523712549122938
0.16299871282534883
0.10204647370611858
0.114383617007771
0.11177400567963808
0.13432307365489338
0.1379061468359337
0.14123919717083228
0.12369898558374684
0.12196612062285539
0.15315744915417379
0.119047157246252
0.09358427317693305
0.10522992392936772
0.10500199783559921
0.08651070071116812
0.10003378745089844
0.08508525936837968
0.07173255975864795
0.07305465763900018
0.08406002709463793
0.10027801701770964
0.11777372028395325
0.13715994383379132
0.14329954361401606
0.1582954873447162
0.14817633143286701
0.1571551699260058
0.11959809770350052
0.15213222179340896
0.16506217927641043
0.15174748219742376
0.14903075667721338
0.14891255718928723
0.1715335624367613
0.1653731155995116
0.18614361591598033
0.21174437638264415
0.20607320740624005
0.20806977970503915
0.1843159174267635
