0.7110243002567181
0.7110243002567181
0.48911768636097297
0.47368401198465265
0.4696107288733648
0.4512662209139534
0.45434173250005716
0.45653266148031263
0.45462936792722686
0.4535521431585607
0.45532633634115643
0.45464480783918604
0.46697038703683974
0.45264216386505624
0.4621591268790077
0.45564714974294585
0.4630303282085675
0.45734199593476565
0.4618540131444116
0.45781332635087796
0.4574412192236589
0.4546372314436141
0.45539900092975916
0.4554858413945941
0.4564907718710321
0.456948340546101
0.4577108886179371
0.45409268522075635
0.45783365990323893
0.45633086886137947
0.45584337849680157
0.45552170062645153
0.45327272496984033
0.4529939847550858
0.45390624213950337
0.45428022619088754
0.4553122131459624
0.4543490763264586
0.4541878059387686
0.45168030307847634
0.4521721005455084
0.4518433605820309
0.451623115063893
0.4505424534502851
0.4508707985792843
0.4508733995835406
0.452386619528413
0.4526440619247
0.44951922879504475
0.4478540018899811
0.4480581784265738
0.4485900644570194
0.4487245834160801
0.4487062237289468
0.4488518914405036
0.44900247176005537
0.44990489962013996
0.45080390912506646
0.45161846500215963
0.45145220258294777
0.4503855758455905
0.448845415341995
0.44932328798147136
0.449471067571586
0.4499561229933362
0.4497305568992739
0.4494576553235785
0.4494279776569564
0.4494051690286274
0.44889293420434806
0.44856287261626293
0.4486030786977521
0.4486162804824279
0.4487639711838392
0.4489753756485577
0.4491299855720118
0.4495549432286684
0.44953505140361016
0.4495345887909517
0.44964685625300477
0.44982356346410407
0.4504840642910448
0.4506109032696718
0.45088353842986484
0.44935998368107094
0.4494938267177561
0.4498844256342404
0.44959267095060756
0.44986334927944466
0.44962388113868546
0.4491301139427504
0.44918990342883
0.4492810237833658
0.44950587582656004
0.44920951316551644
0.449273862055637
0.4493252255741944
0.44920040987181786
0.44922724648928747
0.44935037879497514
