0.21605683408667165
0.19443650777453175
0.17777494921898143
0.15910962899752373
0.1468618805403372
0.13969085223348252
0.13378518590499722
0.111944769241259
0.09657004363022961
0.08845317914682405
0.09270544248692392
0.0893978768091377
0.07889537648457641
0.07100380587058268
0.06113854196449407
0.05744334168920374
0.06393877412063202
0.04958629994265979
0.059200471357345005
0.06845754870332267
0.08027217766788648
0.09023872878838436
0.10254407659381536
0.08165193629554664
0.063413380304265
0.06218241444178704
0.06412411277933952
0.07691604296946845
0.05647227805241917
0.07427801633055284
0.08035007472039084
0.05954546472901037
0.07097495547634003
0.08512099326078497
0.10296191055180465
0.1142539895133857
0.10078102706138488
0.07158533110632796
0.0702474978250651
0.07736286553510428
0.04404851639733564
0.05444053273019702
0.06766981593483055
0.08553704593615864
0.06932371389572914
0.04969011869812472
0.07000353769581866
0.06126142965032544
0.07819469405030771
0.092266896536883
0.08355239550526869
0.07812248110578622
0.09408366374584493
0.08868980070515536
0.05846066562912518
0.053312674457020794
0.05692586584246978
0.06677980200282049
0.07978088209575787
0.08217460539922711
0.07053976383448694
0.06569882478510163
0.06515975225891064
0.0733620443456127
0.08198970156170834
0.10728463328743615
0.08723159269837968
0.0625569754172506
0.06465102137377075
0.07385717369383185
0.05974893128146267
0.026579415374361127
0.03195186920052714
0.04523837098152297
0.05464652797534922
0.06492195607358611
0.07783169191716248
0.08193206721308502
0.09117761638631929
0.0739912943178454
0.0908849302201336
0.10170436977306323
0.08202081806671355
0.06883668591781686
0.053986940325835606
0.06358911065641261
0.04488419691896942
0.03278114422315446
0.03656407478450529
0.04361349545964828
0.057223143294525707
0.0521411109020117
0.04820312775284618
0.054099960910635556
0.06623845830935456
0.053455617995272715
0.06898125811176715
0.07919398248679599
0.09140465511398818
0.0818359844684375
