22.223611067711012
20.949401170340906
19.710944642450908
18.586128147561492
17.50783617451717
16.492714986892533
15.505104142656174
14.54397384299024
13.691554014144645
12.831483353671176
12.073843174039125
11.342310490952865
10.717780482953312
10.101584679176264
9.47122114067525
8.892039700904922
8.343517347806463
7.876669453618852
7.430063897647182
7.017577020320772
6.7586291692894935
6.3830717932359295
6.131547871070847
5.8774844816461185
5.7030981608185325
5.54125920048507
5.451698071294265
5.263758807186901
5.040879102056222
5.110589010692029
5.069901975511372
5.134702014110044
5.0904768391596456
5.073715780592881
5.179115653859983
5.218678390107174
5.197525478523628
5.126376965107781
5.070264566507789
4.971890054626482
5.036255522676914
5.1102410307679635
5.216728606863242
5.181184569029845
5.114546064940656
5.308540282784417
5.317021583166086
5.354308577704945
5.469547082440088
5.386681342026088
5.318641335301499
5.268025766359327
5.3270118332723
5.373053987412576
5.47341552252459
5.488524051679562
5.559752116203044
5.629776533728091
5.58703630730616
5.592390714503685
5.577836009505852
5.635703131356056
5.732146867557862
5.672136540960476
5.825795569571688
5.848934833367064
5.798492144308664
5.737591598458457
5.737330128917069
5.770317392115306
5.75995110521204
5.674888575835717
5.715997609410356
5.732871905953306
5.902104080380141
5.875565192627639
5.962648195822699
5.830874867683229
5.796645160413965
5.717899315616615
5.881885878404473
5.897947840031551
5.674422278380809
5.714578222081672
5.743758389298116
5.610198591947942
5.59681250226947
5.667771139762695
5.618056631563327
5.690141186165749
5.71661487278765
5.597578292975327
5.591661377200093
5.579087515646346
5.575746907463866
5.542549260072134
5.515901661441365
5.527328072423492
5.627424745993751
5.464647540709459
