10.667457878294694
576.441177376292
874.0509025938136
1115.0234026968421
1205.1189296426016
1411.7910557820107
1435.6561169053762
1563.1197636500465
1635.549669414561
1619.8462103140432
1667.1978008825981
1690.310239571745
1714.6251403722715
1751.7142863139677
1747.1250088558897
1790.0198103344412
1889.5840755953723
1838.7634646228666
1850.005288871282
1876.0472663208511
1917.9221150845995
1822.2303164380587
1949.8825600694397
1974.2359214491999
1892.1941381195536
1960.7652697876058
1945.0134258958467
1970.16225887317
1978.0830551611125
1922.012702387641
2000.1600135598806
1919.917720674446
1932.2227716159325
1927.0933506583772
2045.6628017504584
1963.8065745781694
1996.3610850743435
2088.5053408774565
1957.8602670344414
1980.8828048434964
1909.726545139393
2007.2493787636204
1968.1893825787463
2029.416848587022
2046.4166651087564
1977.3980999368853
1983.731332798426
1973.213077673668
2038.4899000402236
2071.374356183074
1983.1662832291402
2142.564620923331
2100.1204123227503
1955.3579550472532
1989.954501361517
2048.3050066197316
1999.1161627597537
2108.852150378965
2012.4614562877025
2016.2765614002194
2026.8229838246057
1969.700085347497
2002.9002953682966
2054.526393923213
2010.9378278937572
2064.7727470868213
2015.2816921287679
2021.749922010389
2089.3885714825265
2016.3057119644072
2068.302177494713
2002.2972366352292
2027.394332964617
2024.8110043009299
1929.8400830930773
1972.954092184734
2009.47589137778
2084.393237912581
2064.0382573597212
2003.9760788178955
2118.511050122113
2093.170156439942
2035.1594823590763
2073.474895648691
1992.6599471063219
1986.6870141270267
2099.287227906911
2051.9309798815325
2044.4456389457694
2026.9255803393962
2058.3573805935075
2092.6303438358764
1978.5726511364296
2043.7518338212035
2057.854826224576
2034.4678956795838
2040.298806227997
2031.2201120508075
2017.7337758866765
2064.1283578433977
2045.6673750186496
2038.5441756420591
2078.547282683736
2046.5656225702535
2079.483344253243
2007.8694125768209
2045.0299624946092
2082.981734236804
2022.3784267599729
2048.3480003772142
2037.6845667142277
1916.7836705969294
2043.2170999656291
1994.8167236733343
1996.1540066201862
2023.963285429808
2075.9310797298162
2104.3337809719765
2028.7183084545393
2108.403925858903
2074.8151927072463
2097.1559295638185
1965.440418728967
2040.093718064432
1985.3781046462866
1959.195750829601
2079.256298542415
2073.4322018884745
2067.548066068951
2120.9327082321743
1995.1328235008932
2062.0511210929553
2060.0099658049553
2087.0751412485583
1952.3871602306906
2095.654902477379
2060.263785170126
2098.865440921921
2011.1499699074816
2031.709476732647
2088.1303445358867
2072.0976644432612
2086.4844974491393
2042.4022142669994
2086.474737688951
2053.799995636698
2100.854657212249
2099.8711468959514
2071.6526919508274
2075.6978100491197
2117.84803121175
2022.913620926233
2095.341656077447
2064.2905275806834
2028.1036322729651
2064.3427133315
2039.866059585292
1931.8107667504355
2008.147886596893
2046.366729414719
2091.336995276972
2131.2189857263843
2052.130700408954
2117.6131683286044
2001.4648446828364
2037.5926840145144
2071.2593341952856
2018.0889299447622
2038.8290861918997
2066.7586896021567
2107.281841723319
2040.084727649803
2025.8564363640082
2028.6510571634822
2062.4587332385386
2012.176248366761
2043.7900489412762
2103.274212657704
2071.6631733935355
2008.1977489644376
2070.5831937059384
2067.145672049559
2061.3365027977807
2013.857684934756
2097.807960748579
2060.224763933761
2070.629068979399
2021.2106557605405
2035.000910572859
2034.402094648494
1990.0906228396175
2019.994824057516
2028.777251371987
2066.3556206396315
1983.2095004651464
2065.03037849368
2042.6225277424528
2005.0277404971725
2069.016238806174
2047.9334136898462
2088.5044606088695
1935.1908408370214
2042.5239127814439
2120.35006953947
2085.949717506795
2085.8655014517094
2055.9209527920375
2068.2898230160818
1945.2248939004714
2078.910061367191
2070.034816949757
2002.814309916492
2113.590097239158
2043.8401943555764
2008.3040637979923
2018.994231941406
2013.23960666118
2017.2242893745658
2080.1186032866963
1970.9676889775226
2033.5904718530098
2013.0619972906306
2060.178439196782
2047.9914155293538
2152.841089720363
2089.50358767899
2082.612922125384
1967.3701090118668
2031.7060047656457
2042.8529422145896
2155.301490373501
2113.978916002408
2052.9475152519926
2026.6841328079122
2061.1254219378056
2043.6174635245595
2015.9649310753373
2034.6418622398576
2030.4107066424378
2090.908813540271
2065.6928342291353
2045.893141956148
1994.621848621258
1999.0813985924578
1987.3739137464142
2146.6042821169626
2019.9712542929146
2103.825219308159
2068.162884691952
2047.7501912536588
2145.654752022168
2030.036503080562
2041.999136589074
2069.2833393262868
2013.1701175385233
2091.4788831058695
2003.7357333112163
2040.8095110977079
2068.9912371160062
2088.1379471507657
2065.1269512191793
2048.998630632463
2028.615597991885
2132.336431286993
2075.4175560759045
2058.577280340645
2009.823226750654
2076.609431191555
2068.044734457548
2064.3369905901086
2106.821311383878
2083.5427476658774
2048.2283119505137
1954.0838075393215
2040.019729805027
2058.615708055163
2133.81802390506
2091.9105384644204
2051.17949394675
2051.3102335628946
2019.1649640202781
2075.0676304074645
2066.718915283079
2100.220984706182
1999.4580271917805
2040.6353599260015
2005.9691919495037
2031.0784273324025
2053.346796626784
2089.2873114986637
2110.6126841813275
1971.1990171292355
2114.3277371160807
2053.6638697885323
1965.8926870264302
2054.682961171577
2118.521663014516
2167.3489016634717
1998.1859281065626
2078.5353977287928
1971.9044692843913
2028.7815356937938
1999.8122184364288
2071.9296505941643
2059.036724945281
2093.8912387137407
2100.87365944384
2078.1852180399073
2062.9522048532326
2048.165173682338
2031.2274807231645
2038.757404112875
2172.8997671994243
2010.5304334133582
2052.0809486917456
2041.7162605219307
2042.666270305471
2182.3049053379077
2102.220294457858
2063.5424009903036
2005.1710019490731
2022.2941176853053
1989.022194459323
2009.0151570669302
2002.8412861066515
2095.1313852433827
2073.7540599531335
2127.3138132784898
2061.4953242719057
2068.8298213985213
2084.4484680300843
2015.7313763246493
2148.6092818846155
2098.7546059488473
2048.5537158334578
1953.7230044557473
2087.2415117600144
2101.3216822620752
2006.7000127178612
2055.3333181837666
2042.9633191572834
2041.554800700642
2024.6962479456263
2042.600576411554
2062.247348594771
2087.297730731824
2109.506485379023
2018.0257257083638
2110.030273960211
2064.0941750504794
2003.5390811955342
2039.3158266224284
2132.145815790448
2088.501983447581
2060.9289887325053
1971.7569655234377
2038.553166955752
2086.8482251650116
2047.045903408211
1997.5864409841452
2071.581664158987
2032.7717544517207
2102.7060937395054
1979.5985345745912
2052.650988757454
1992.470693929653
2013.3072789521275
1992.7209143397388
2002.29532443802
1990.272025959113
2021.8978875643097
2046.6870232184021
2051.4708134913176
2056.403807401333
2008.132706742705
2062.4626078319607
2056.0988513755974
2044.7013531769514
2116.0181435362047
2183.9300722251146
2077.438257813043
2024.6416195382378
2012.4205596423105
2045.0095982797734
2140.6574196378833
2115.183293267017
2099.315688405145
2100.793215855743
2026.9945476357027
2063.833951676249
2032.1162068266826
2047.3164752187922
2012.5089143579369
2036.0225104451451
2078.9325904004427
2029.1520314243262
2016.8247398614546
2033.6651174026738
2007.205467902774
1928.1916006821054
2067.8630864649012
2048.7951898232764
2017.5178504380835
1997.622850679579
2133.925660668474
2100.575285890658
2045.7665777843545
2057.28043895774
2119.9358156840713
2021.9192428618812
2037.796455888525
1947.2484079928402
2034.9920664004442
1982.2275334182625
2052.2512528990765
1956.4183842810046
2060.021622314886
2073.5073864762853
2077.2821786690683
2067.544449308716
2089.9356204238543
2114.0263579759558
2094.952209110338
2071.131493524642
2036.8548224518127
2130.7579363444893
2104.589327094469
2087.7816960298996
2039.8789700720406
2046.8794728903652
2092.8647768017877
2058.4086612598194
2012.4189161112085
1981.1402179033676
2031.47433818952
2062.5473142580936
2027.4374169659668
2098.208946620683
2101.9863420861025
2003.869580105428
2054.2662975397875
2021.304444713059
2000.0789839318743
2110.7915187779713
2161.3277121090664
1971.3457066526607
2101.115733249255
2058.1070966525863
2100.7976025549983
2147.1576085610654
2094.5608467683205
2024.1462638438852
2058.9306898611185
2098.940786917605
2006.8557598121263
2049.485130052264
2054.6293607675234
2011.0114968062185
2034.4915227003241
2070.2011421442744
2046.6677343608842
2026.4210497034758
1999.7837210627492
2051.4794807459966
1995.9838989731925
2128.027269135961
2050.2876941815753
2106.024216035143
2010.261952792895
2076.4194358428945
2156.253385502729
2119.325021670726
2035.8830219942856
2125.1949558102633
2081.0804730673663
2000.7143751047538
2038.831905458935
2065.087999687179
2077.3794589320955
2035.2855713404244
2017.6247088675632
2048.3722543701538
2035.177449701202
2021.3413023797586
2090.2369285109735
2057.62091672205
1998.5840832989984
2051.2748081261875
2092.4875598179215
2068.4018347659926
2024.1231456313108
2003.8429301658032
2109.6308579205097
2090.389071376818
2027.6781306990679
2032.0960463368444
2029.4061695910175
2067.8676266963334
2044.290588434897
2152.8529869366703
2099.3226166611776
2121.8740706117883
2024.3262330751359
2042.0927345844225
2041.9496657976665
2023.282720398648
2082.9810139994133
2067.737332609655
2009.59642813685
2047.7585468010511
2028.8528837453139
2164.8015365687206
2071.9844078057718
2018.4549157531092
2077.634686174829
1990.2366901528158
2131.269617940221
1996.452399107593
2058.5569047935414
2055.507462755023
2059.595817276824
2045.0847889651548
2101.1397996408346
2044.7780414518243
2010.1870757502438
1993.795364801152
2036.2703506563569
2057.1463320874664
2052.6809494285503
2043.2606696568962
2084.705552671405
2112.0763145363608
2038.9068589309077
2069.4872761187166
2033.205561775113
2044.870477098209
2085.3119803566624
2082.7329539391067
2077.8508317622295
2014.344650210297
2041.4019128566504
2086.4226484418223
2043.5271193006192
2031.8371543561416
2079.216203968793
1996.1082738896741
2067.6386827007514
2037.5682174928234
2076.9481298204137
2043.3476982036154
2132.7786166440987
2019.4088915279528
2052.919077402326
1999.8952837006696
2063.108241445158
2035.649267811482
2086.188911958289
2053.7605799976786
2149.3227515590906
2083.0166587356207
2004.7024775512593
2130.684623344655
2046.475328593983
2105.4846119822223
2014.995605572659
2099.251323749335
2094.6006974460065
2045.7363353074338
2113.834300043772
2030.226630724646
2038.0036760973044
2124.7732511682857
2120.9708587531272
2081.038264480646
2122.2878491959673
2114.5339119667506
2146.125940681725
2109.554676341579
1998.4884287962163
2142.975449248957
2091.81561172998
1982.9735694491067
2052.1399682493225
2137.1453375206265
2103.6673881977244
2021.0683501083693
2103.711678896878
1990.0791506203634
2060.495289040994
2079.82956460861
2140.7439555306123
2096.101912371871
2066.431824215842
2014.6647438755915
2029.839826029633
2146.8426910527073
2107.3296082287893
2072.0163096369047
2096.9646698755637
2033.909826205569
2131.4560736231124
2023.3896297197857
2126.1329163078044
2005.6287606500857
2127.193178136581
2119.598408933859
2003.5084798465934
2105.9438581085906
2101.468726781056
2003.3982017466776
2109.74975003585
2123.997154017705
2108.2874702034055
2108.9324427770257
2019.1738973216998
2009.7111016123927
2108.0303853498394
2071.503409440798
2081.713267268256
2026.1427210583909
2033.6737341649218
2088.5921188140205
1956.3698976306184
2096.1524999256153
2048.1652634320017
2067.7350347162374
2083.71146278059
2120.6072555687115
2062.288142585389
2111.092968552717
1984.253572346696
2163.6533349443202
2073.534662571188
2105.863414257613
2022.8168205737752
2015.7236878584042
1995.8349670373123
2126.7293460303695
2036.685041347699
2069.5045993215895
2036.4607000718922
2065.366684953517
2046.953592529476
2114.615980870033
2074.915198291543
1999.671516200961
2102.38227808506
2160.860190453422
2071.567806213158
2081.7455958547316
2021.405223586628
2076.6652627107646
1999.0378926243527
2147.942552534337
2101.8555891884075
2025.002910588721
2121.45487301185
2077.3149452840835
2051.1872637986717
2078.7163113672045
2048.5166742532924
2070.078809954942
2027.5052189263502
2020.7998007516671
1963.668378399539
2081.8568965295385
2086.3737389255302
2086.7229573939676
2057.8191835015746
2047.4508444047628
2024.2729355977297
2096.394361968044
2071.8906861880287
2072.7543866499577
2161.310517338173
2015.4785661528488
2057.4079785723507
2085.7435214011434
2060.864471226327
2040.8625622527657
2040.6663826834263
2036.865844984371
1953.26535922068
2074.7679014350706
2068.398537903566
2036.7803667694927
2102.736264497352
2086.8702806096026
2044.0585023172587
2058.2941899024236
2037.4671041785502
2067.753100097549
2015.9909412255538
2044.3167091583537
2027.3183139402438
2096.9166805581444
2083.979811741493
2064.438525246873
2033.5177819308196
2001.328563385499
2067.8659896217396
2001.9093018233766
2072.941397080632
2040.0965277719206
1972.0069612449936
2044.6073397042933
2040.3369080294835
2061.7840977809315
2120.0389032602716
2010.988415027051
2116.268041451608
2063.8622099772533
2135.069547551579
1980.8902933883555
2064.963348110762
2058.598461365489
2108.636481035831
2089.0584470872463
2069.217391453597
2056.6773968189214
2057.7948743722413
2007.3961574701882
2042.3696479892683
2080.471086963783
2026.722033754992
2016.2004152914978
2052.707336359008
2127.6312541664056
2087.781223411232
2046.9760656360147
2000.4725052792521
2133.2377663659167
2024.6951206076178
2109.608674644088
2026.0267445295901
2065.680650434243
2054.000963781693
2024.8296486749662
2038.6176590673167
2172.3189304470325
2134.8949956998304
2024.535423711256
2112.5391410741563
2054.3465230717247
1994.5878995949026
2045.1715093353894
2014.2123664834742
2069.6383476145406
2011.187160394378
1989.5462567542043
2065.432684470166
2083.3621914583923
2010.219241806146
2059.0605062975656
2017.3427696118204
2032.488224493137
2055.2379439300475
2051.3285651900896
2008.2962914534373
2024.3756148819386
2086.8381616861675
1995.4325209943868
2057.454713821907
2103.6579521888902
1988.7870924244332
2089.2383772907865
2058.359684120231
2055.6711127279973
2090.424608596039
2064.9000755564784
2019.0155908751854
2023.439119940403
2076.2250578303115
2057.143179265824
2034.733620291093
2010.4988559909068
2160.2894689720893
2025.7773672433364
2091.209330076
2056.1385821869035
2083.2826982953025
2079.061520807961
1976.9776757207842
2056.0585389789308
2171.017573638029
2024.8763673662706
2058.0181345401525
2057.374482443524
2023.117978739836
2072.578735742068
1984.5889672542833
2072.8466356519816
2017.9764206070981
2083.217268045998
2135.0833012231947
2118.040825621542
2065.392528438783
2084.350311698224
2096.691222175223
2099.1883011418195
2111.679952789969
2045.694063665517
2117.4388636290705
2096.6330231347397
2068.049671968328
2067.9999978223263
2113.210819403257
2048.0217597888764
2124.3887832593764
2129.5018050492536
2076.2100604230927
2052.3594931377056
2050.791676583807
2063.5375864900934
2042.0394589998148
2057.6608614040783
1996.7520511059847
2095.21793882303
2058.843383926233
2093.1559106892482
2116.862685581894
2081.715605441278
2066.594502806879
2082.7281843234728
1959.7896606110266
2092.163791064255
2079.0035412247294
1988.555593433141
2069.699150293215
1997.9965257934518
2109.4799864356055
2073.4945703626895
2110.3211389323383
2038.481885383095
2035.27651509927
2130.3194693404143
2047.884191164911
2165.8651275976435
2029.7079885637984
2051.940251324742
2055.4172473372164
2060.983541665068
2080.0105142532007
2128.9963058017634
2120.0046820716875
2057.2231416550962
2018.8611196227907
2030.7968586362235
1988.8009714037078
2058.073741580405
1988.5299216830476
2020.2463628205628
2131.237741696732
2052.425901030193
1997.0877655745674
2072.3030415500816
2053.879464156493
2031.6703348006681
2028.2609140643224
2114.7596540935983
2173.1532581868705
2027.058134253882
2110.5579025878337
2072.6007666743885
2098.4417954779983
2024.7816538348375
2045.7353270497483
2081.074909544537
2067.713728540506
2025.8276358586675
2063.5731673524656
2009.5529849134366
2052.7137357250913
2029.2031589705084
2093.4473119184318
2035.2978881357355
1966.6998362299619
2213.506865083012
2119.9161148314124
1982.398009172804
2047.3377176590986
2089.473563749698
2024.4455233899764
2055.2797267968813
2159.659079628068
2054.0104749219436
2023.8556901489908
2039.8889982987848
2131.588511625944
2083.5811786072245
2015.1312230151946
2092.1079539089474
2074.8430707323014
2011.7598058426347
2066.7026725996566
2075.1682624543373
2063.9930273490354
2067.974315441773
2041.8550473258315
2015.370879062961
2076.347046870644
2088.607249035307
2043.348923849981
2051.151698426821
2047.4064413338815
2086.767784760844
2009.9543792235795
2065.1515152263737
2095.5521438275364
2050.302455618145
2071.0068901261056
2121.99908592049
2079.4315009879106
2023.175784467124
2098.8813215040827
2144.4250481951008
2065.9283066124353
2050.996825638617
2042.370733225941
2046.9333570014187
2008.1740999149818
2026.882676042134
2060.4129898098977
2090.8447893074476
1982.5563917108414
2009.4793149128898
2053.551030785522
2124.4615342196835
2113.610256221446
2069.8952937123995
2090.544111827803
2093.285084236356
2011.5486407573162
2024.858423295257
2066.307621007164
2085.6103584346333
2084.3874830749605
2038.7024322819684
2120.3124629691847
2039.870357510964
1994.20881917911
1980.8298998166094
2023.9712843698967
2121.2000867879406
1992.5595307147232
2026.5757471543639
2069.1100388513423
1985.183376249147
2026.91291478252
2000.3582575750343
2088.253182116708
2023.9472291030338
2065.0913210457165
2092.153036275515
2039.8157827316702
2069.8433057846055
1986.270480442759
2070.755610268304
2066.382692750274
1947.4835837779376
2112.227593006193
2046.8460758550968
2063.451550409528
2141.5693006151014
2041.253768531264
2036.9404507558054
2027.8497321040202
2089.0933024068754
2100.063743028004
2095.404263722313
2088.2457198085126
2146.298781620378
2113.6143971783385
2046.6494128478157
2004.3902382661959
2038.0800275442969
2066.096014551072
2129.7071913173295
2043.57780376295
2085.195523168743
2100.7958159004875
2046.160931515423
2063.511636098162
2044.636080927645
2010.9562880728752
2118.31960333043
2091.208178186103
2113.018239695579
2035.2747043389186
2108.9566931487416
2054.527935233995
2085.8473260238225
2012.6578138611706
2119.3465009597
2122.5942271382382
2076.688940738044
2042.0383167622842
2053.2361023005465
2046.6687472386595
2071.45133162347
