92.76688395184547
508.1839838263246
866.6325628101041
1167.046523483689
1233.4342311457003
1446.0498048045029
1488.2351313125955
1582.09767689184
1643.6480095403092
1613.1806340535848
1802.329250396757
1788.509127457826
1851.8352107836865
1856.5723297764748
1788.78639076567
1836.853183025363
1891.8585386416519
1977.246172776258
1892.7685230366337
1986.9356086621765
2078.7376743056584
2011.931285374379
1979.259308603206
2030.1275926361668
1976.175533401091
2023.5029942646381
2037.0123047069899
2039.501840917597
1917.122379315189
2056.3991334548946
2049.5256115442508
1983.4278028582353
2039.2124157229691
2007.6602226594425
1990.2720373272705
2005.197450589244
2017.2886545483123
1994.9003721731062
2072.9169209927027
2044.5371736709426
2047.8612472603572
2110.956945392142
2056.366407011903
2057.3501946361075
2058.857537392276
2008.318180951846
2072.8012436292124
2017.078852050538
2048.663158647042
2062.440880162317
1975.7881534805174
2137.027226678733
2037.988846796637
1972.3535494365572
2033.1768062349984
2132.3312178467486
2040.0572747860501
1982.7089835538113
2113.7367659736346
2135.5040512099845
1955.5675408629468
2116.7286376599272
2030.5609951933525
2001.7946450439465
2046.5676877579433
2084.4529253479295
2142.790934723192
2128.4255781389406
2009.9771875260567
2032.55491379457
2048.646247880163
2048.6268497777214
2104.6437930682087
2041.502348872887
2046.230548823778
2057.4616616716385
2019.927860728748
2154.3512165035254
2028.2291202114966
2068.99184607516
2073.6406178991383
2016.093777435143
2097.169331763733
2031.9355109866697
2045.653601115438
1971.6188459836494
2053.038259273137
2066.4860952100635
2023.7449452455794
2086.58980926239
2124.0358548640447
2092.695548856828
2104.197859848859
2059.674992441287
2099.23398809255
2037.59470698935
2049.224098134351
2015.4044122989505
2157.3137364430395
2089.3547426869477
2048.864810659941
2118.9126766334434
2108.004498950804
2027.9600317610668
2098.3192332927083
2058.8835227395757
2055.790089168402
2065.54352926243
2059.23077586997
2135.065342709859
2035.4764709803637
2149.3961619560537
2169.124924240036
2072.7879332510183
2125.4790695115285
2038.63608445375
2048.417048661973
2137.325918701933
2090.886753954776
2062.8148935400673
2074.943087620887
2119.6215713879415
2088.550227548061
2051.8435158230423
2078.1377799287334
2069.098859801338
2118.5933176293343
2105.280792091597
2101.356334656796
2015.8280963007005
2112.4943150034933
2103.5266263747462
2015.8449990075944
2166.390169172825
2087.1523922502006
2056.966152317084
2128.040462623226
2094.09654520785
2133.776860698517
2015.0059610047758
2160.4537563228478
2093.8962378458286
2109.357563557965
2178.3612995172857
2125.5679551320477
2052.162310302031
2126.834617162059
2117.9293458119732
2127.4685748797597
2060.45408361213
1978.3557977399084
2131.398442379039
2091.311786425133
2002.8763155354068
2114.8516126635286
2033.0604360218244
2074.2218065221014
2074.3402915042857
2128.3995753906884
2068.117847163042
2066.746948730167
2022.3321422765425
1995.3883059407476
2137.384092555513
2088.5466049125503
2125.08983009741
2126.8897278512713
2035.7139097133984
2124.6919832735575
2000.4715483871664
2124.403029094024
2087.1882098813926
2151.667489421695
2046.4010315128103
1932.9683781267674
2033.1324349146328
2104.992227370956
2074.4630734936995
2079.9001312031046
2107.089559446727
2125.6880360638797
2045.1701832141407
2131.378203904338
2136.104361803356
2057.958585104451
2079.1575875730377
2102.3615336332537
2074.513879819645
2095.486127390394
2121.2873923245197
2066.0831311667625
2022.130005008397
2074.1293059111904
2135.2874069324175
2137.5515221147853
2151.9067605969194
2130.474558974796
2138.1608038407962
2098.379807756769
2052.532762194789
2087.01501898659
2077.514748181443
2130.314236210342
2091.2129217863458
2085.5890428607668
2037.2372909774786
2141.854270988674
2121.2312266409654
2142.8691447208857
2088.2590571182454
2051.415300798518
2022.5743674992711
2126.4698627673542
2119.1760094469105
2134.4932268372895
2107.6237289837177
2127.007624843135
2079.245207089223
2017.815363483115
2090.5598287643866
2074.9929644842514
2101.114579678298
1997.5560218423464
2143.6494019908823
1945.9157043426976
2157.7053968286464
2127.016338964275
2098.18187361735
2131.7132233603897
2081.937460935908
2038.6229000458386
2091.087935115458
2033.3208288397366
2141.848605275586
2090.2621251955834
2064.643074897795
2176.4987048582157
2027.507869027836
2057.0815922873967
2016.9414833948986
2056.4438320002046
2077.2821981723646
2029.7943048982013
2116.948698009096
2101.265803387888
2087.3064072117427
2005.3840380342033
2056.7396296746297
2141.9236223998296
2014.3864013826917
2184.0838814669232
2155.784475068192
2163.401339643715
2058.7850995947747
2064.1916899779476
2026.8063863184063
2098.255223106898
2107.9810139438046
2095.4745180926348
2014.2254868567277
2108.143569199395
2053.5166277389703
2141.501783790647
2096.3495909521384
2058.949283012524
2096.911561357447
2078.8139207651193
2146.4945208073655
2104.075493675401
2118.5294100969945
2158.4117971826217
2023.7123376704442
2043.9193514949386
2098.980564294692
2118.707747849025
2077.626071483073
2030.407181931784
2128.686907810448
2077.593278153614
2120.464578546325
2122.090804827629
2126.289211858991
2112.887888188886
2172.8095037761173
2175.850835666625
2130.271842334857
2213.6440360752863
2031.1325271101543
2045.9306669036057
2045.8504066546195
2067.82510933873
2080.2492465608198
2124.1613040297984
2074.792687571082
2144.109276195939
2058.4304165393314
2064.0234063042653
2092.1926080509656
2053.5365409070173
2043.0387649071863
2010.6358351055626
2121.9100324750734
2092.939169078906
2139.1278195258205
2065.168598130365
2151.8601248197533
2062.5832537224965
2115.5670502342873
2050.6350224505036
2071.729878414152
1997.6045731558015
2077.727611904389
2119.1914721995236
2086.764252828765
2175.579900141078
2049.0193330333836
2064.952913115555
2088.4215571266027
1996.4200962117748
2113.8327479391096
2107.579541262558
2058.2502968040794
2115.17968721517
2128.074349881571
2115.8331887206928
2117.156309277951
2131.306148751406
2064.281526305864
1959.480219011771
2076.005299986029
2117.7240992933434
2087.9292516034475
2059.5576049132155
2085.129267893076
2035.3496022224322
2096.8621711230435
2069.4131727308963
2030.2090079763432
2054.687941029616
2116.8496994780007
2039.8027883491588
2078.530508400416
2110.7951897985777
2061.864885059613
1998.222860980654
2145.18295554229
2088.8244025940603
2101.623456863257
2015.3289467452903
2041.9089598890623
2053.5490831348266
2128.391454383556
2061.0626350749735
2058.443071155958
2097.928284666656
2053.0502734744246
1991.7183211697609
2156.746336012972
2150.67013053459
2046.1652090137707
2130.1671591665686
2080.766936556685
2117.5495773750217
2113.6403303551756
2094.832190197826
2132.8840869560922
2150.116977571054
2123.0945059884484
2085.3513645487533
2126.6734159272423
2076.9697591230156
2140.462011102224
2091.1540815155026
2123.0059031436363
2083.2339517008504
2060.0082499641485
2019.729737394761
2176.1403439781225
2014.2509458374245
1964.0463874920038
2125.171207914905
2100.992864539958
2088.8111796039816
2080.3496011294365
2152.7993465294717
2058.557838996933
2066.0575732661528
2074.0329598711314
2101.81411475382
2038.2602258607367
2122.545682492181
2073.508883420243
2038.1553675133666
2056.1415099943756
2110.2774943441004
2054.9802440919116
2134.081694134514
2090.457522981175
2011.2666059805847
2135.6495796556887
2044.4290980899275
2090.498805768579
2155.0171664588997
2087.4007371670277
2106.709565853419
2061.330417651399
2059.2574046828254
2061.1333771214117
2040.7308489517734
2057.363311181782
2038.3878874972902
2138.0359834947167
2130.1511505452663
2124.7672136444767
2138.2195186844956
2147.710508275082
2129.694633765824
2119.774399568894
2078.1672523385346
2123.3073685645154
2230.7168540918997
2105.1275204312064
2074.306110720227
2133.2672272512136
2077.164358698796
2065.3877821896176
2095.698653165893
2106.2935299512033
2052.258198008694
2059.1278837030154
2021.255703712019
2092.27018357141
2148.948197236555
2108.7195038778364
2130.4583902859686
2161.724122610203
2123.9255422608335
2002.9742427596425
2044.4421380040783
2108.7678078742374
2047.4997839788668
2111.3841965022243
2095.9270704210776
2057.817585556646
2118.548975866065
2159.1351063564107
2114.2770260625757
2117.5714020380397
2021.1580522859863
2047.8417095588818
2052.6502209389228
2061.6594927267183
2073.5271405258345
2034.85218091097
2128.199836236115
2113.1200055063623
2022.0697766578853
2098.701913583662
2086.1023757367825
2084.3332376056624
2023.3823127315293
2134.0293235373533
2049.6782181285653
2076.9189135287493
2069.748462601456
2156.2797345381914
2038.4986552318408
2075.3693354289535
2039.2540382540976
2025.3118615221515
2109.860887481285
2164.2048983117315
2126.338356238188
2059.7179487803396
1992.595735345319
2091.4614044800587
2070.637996479449
2029.3884389910463
2014.8411507820656
2060.834130689244
2052.6671168961107
2157.6567378460704
2074.0182206060294
2117.771326297124
2161.714123660335
2134.276354271997
2091.6338948342927
2001.5717820585671
2079.757421402107
2102.6108392862284
2058.5521333960537
2056.9408669928366
1989.2800752026546
2113.5757430554263
2068.2539516035777
2116.0688899982624
2052.7980099343795
2045.1936560251206
2096.935380675042
2001.5488308894408
2209.754150323294
2144.974705966498
2085.520679862528
2126.212267430709
2110.705111205429
2027.6424187309624
2089.8547478061646
2089.2825700642975
2023.5942051387947
1983.0840336086412
2057.6642601721387
1982.1969960152642
2002.094712694173
1984.326121822271
2065.938588993143
2104.160972515861
2034.0158624411029
2051.2060022736546
2068.665407693135
2127.650958706809
2166.2034997498113
2084.3671694789596
2089.895625669702
2017.6997742328197
2035.193336562033
2125.4220404713333
2129.1782914419214
2140.729542011295
2118.6398076379733
2060.316480184118
2064.2620787639835
2100.589515052672
2082.303188885325
2043.0356022604894
2153.5589356384717
2004.2981603234798
2091.807229755486
2100.640561661065
2090.9578741505097
2095.7618378757115
2085.4287567650767
2141.0730603744855
2107.173348394614
2094.9810286980246
2067.809355909322
2100.2768951144462
2053.9277557365594
1965.8105980379507
2015.385340549767
2136.8514887691135
2069.64657341566
2103.131286209116
2121.050103601186
2139.3902734408193
2094.0752292477987
2151.766372644536
2000.0722661113841
2152.698545206123
2144.9544455568935
2163.867104960201
2112.072208338047
2140.904877908175
2122.3178382556966
2106.8911494446147
2071.2150986521206
2067.4828018888147
2064.496351987861
2084.731953771114
2092.8254221802026
2029.2468465512632
2033.5821205492973
2000.5217970830447
2107.2375486610313
2054.5002301846393
2137.0892630219205
2079.973967996418
2100.8195156152437
2100.0323021277113
2033.952249641538
2149.630018386419
2089.9980385015574
2064.812934247665
2151.4693257009044
2044.3188567589757
2021.6225926502132
2088.0190724981308
2085.638874507636
2110.815137998051
2083.5197953476168
2078.7569786847357
2176.28719400341
2086.614717972491
2037.6517281619426
2048.6379155617974
2134.0829550111785
2048.3975611278847
2149.268451759363
2100.270363298707
2096.2625752194617
2107.1473019156274
2019.877217241959
2129.4307296441225
2088.3655435992564
2168.148553718525
2111.081573297084
2074.1455537134907
2146.147495436815
2057.09192533162
2098.47668915972
2029.9808973747374
2106.4989825780563
2060.0113304672072
1995.5628597395264
2024.8922766864139
1995.1388596923134
2160.187089250461
2108.7008738394875
2123.2407029981273
2160.891534761988
2060.122646376903
2035.8089980034913
2141.7279403417697
2013.1651140868676
2038.0325115128821
2007.3980817789386
2048.275680362117
2140.4700911606656
1997.630453905993
2070.6533561614947
2048.3608804959304
2049.388706301869
2107.7162570464698
2084.891237035241
2107.5044359277895
2118.2002704411575
2068.8178445654316
2061.435341219213
2035.1554986073324
2052.1302017536577
2092.4476182205453
2086.88079511938
2042.6066769377849
2083.692068419848
2075.708122297267
2081.491630460806
2166.8512166022583
2041.1707954097967
2096.2845760369514
2085.8289137368706
2092.406619750509
2060.915102071023
2074.442672676449
2108.5586580418717
2185.320363915582
2110.646211747845
2080.4797569986076
2065.3856515901816
2070.004671740998
2047.6138322968516
2097.3355899712196
2068.0173211919655
2119.0123612082666
2120.1648736535053
2133.8086128773957
2057.8322128599507
2068.257428500053
2102.0583585883837
2057.6290748810843
2024.3262845084005
2103.592013067157
2089.716455193994
2044.6397901106172
2093.203358409247
2115.1959596062316
2062.9627330440717
2027.686250194714
2047.5593339035725
2077.945951285765
2126.6218656959195
2134.6791117872976
2065.141566423627
2103.7508186476525
2095.776828744071
2065.6398418212016
2040.1815127687687
2124.4868047406553
2055.211077224621
2064.663613632059
2143.074115996776
2099.947576091197
2119.566190190811
2020.4859674182596
2063.638461931991
1998.9142106483246
2129.1832641121705
2203.6414066517036
2017.5100086299317
2078.5784199063937
2058.589657585663
2097.048887603061
2061.731954480887
2034.0197955869157
2094.288918595727
2092.3714966368266
2115.3038224101347
2080.393271919182
2057.8681796176265
2137.0261891530477
2063.215613488904
2015.134712997269
1981.8497801646997
2050.018246525487
2095.6645699060205
2043.618231216912
2102.5194430440188
2080.4611281317925
2101.3185892076604
2127.1962813673613
2122.3787324377463
2032.9237456916105
2150.524980435898
2090.728816507804
2093.3901087366116
2055.3143775780864
2065.7678929964477
2066.1764908658115
2054.7894425510267
2037.6169366314482
2099.8944641518074
2058.022279728258
2200.3590387958666
2073.335656177996
2069.266010469801
2069.2461680610336
2131.427304267894
2148.975311654052
2123.5121253312113
2023.4245714034432
2076.6642995126663
2110.781279923548
2053.7774249573918
2113.601721479885
2122.6481309575634
2098.7962056080364
2096.2055641158963
1996.8745815861398
2119.7539038909854
2106.926303804196
2093.7724406241764
2075.9686819550434
2061.615845567678
2031.6178733394354
2049.834455496026
2084.400622726766
2055.2408393269684
2115.5604726747656
2117.9162357570303
2018.3238927317352
2062.942391839258
2062.4065524894554
2096.8848848731395
2094.466998581489
2078.186573367356
2155.292823127893
1979.3861799188298
2110.190253793276
2089.539580134779
2148.656682763097
2136.301131416834
2084.0333714525373
2153.281855025875
2101.467490626762
2103.9023379211176
2165.3772381951153
2129.3018846116
2128.5786416261917
2102.397270694388
2048.983344087477
2010.7874453418165
2169.028002527223
2141.632475611456
2157.7252570800656
2097.3852462455297
2091.763183318993
2088.9373793328
2070.2626156442952
2155.9379369943354
2111.1209022062017
2025.7076970502483
2060.9663955584206
2101.409031634086
2079.1685817901575
2139.253663498638
2066.3839324405712
2203.953691448601
2079.3191913177902
2107.1609887401896
2059.2662148041327
2078.0190017087225
2206.836460880118
2148.8896756663075
2033.9347432208824
2043.0305909833382
2110.442939544298
1976.432998723017
2138.337445299359
2113.8726376621316
2123.42590137165
2132.525866831221
2071.078291704452
2109.4077515643244
2094.53073582702
2041.0762449807648
2044.8071096997085
2134.2892826120974
2026.583416013208
2112.58763679139
2132.303758077734
2050.0899998902814
2078.8786386680217
2022.9484936234394
2108.3730746281253
2075.2262983559085
2136.8360534011076
2058.909701015552
2009.9837900314058
2149.503444700359
2098.0735182175595
2116.68486939873
2060.8913067895255
2025.6173291099217
2103.7115674880893
2073.4327573950923
2096.1821841579626
2171.7936205363735
2120.5276024422456
2111.820868522261
2094.1126192225497
2113.165745316293
2142.735105468401
2078.64701878006
2053.26502864353
2051.028077632461
2123.3607626725534
2086.2870857316243
2056.329705041638
2085.464537473862
2046.8886128419351
2076.3820264196606
2070.792106881611
2088.3022597628155
2096.987842640314
2041.8165634160675
2133.033931125081
2063.973600723338
2054.513040761731
2116.3758175986723
2111.3570276070045
2113.7399799956484
2123.4164576013795
2105.218038544342
2110.548920119437
2079.3244205683973
2140.383630943809
2072.3786042099473
2203.315643732339
2129.9914289891053
2068.494776110599
2094.9033914263605
2159.910085837065
2090.1425912182535
2112.992017991327
2151.4223551825703
2082.9477699608206
2005.8431586562
2096.8104786962276
2135.1929734088894
2113.949414897263
2061.882775776864
2154.8212354582492
2047.4798936172263
2116.4860084300913
2061.4193618606
2059.7510964961825
2109.6165606675977
2132.081301687659
2074.9450867211954
2105.0779330600103
2018.041441365833
2140.370291154637
2017.0888551776657
2114.361028087091
2095.2046659482844
2096.625504811219
2112.730442428462
2082.109848730789
2053.3281949197967
2201.1505638330864
2041.3331000932758
2145.626756438113
2113.2367998073673
1995.7050576137633
2076.8665513844803
2103.5156178289067
2087.617325599255
2095.334689793858
2046.7719857773898
2095.332083103374
2106.9957503912133
2075.5683032271236
2093.1966313626485
1993.019911990706
2055.898556408765
2111.386224525612
2142.285721287291
2114.9427500120983
2113.116743720448
2002.9646641956488
2073.172227034048
2037.5777832632082
2067.1536104076226
2020.6538121319504
2099.129108739111
2140.189816676125
2029.1206351324731
2155.3074357275655
2028.0493788018641
2050.169133827976
2072.2632449245566
2037.7401184540709
2132.2509320672825
2088.476042286907
2012.9214473297413
2220.7219958780133
2100.620247706254
2058.396963199464
2148.583264129186
2146.529404665632
2082.4141753372487
2061.489108228697
2099.1948623596295
2105.098589028112
2125.604361449746
2000.1556124756712
2064.207784424299
2147.290530805549
2075.797211468817
1975.7181097262212
2151.006218369697
2079.738587802986
2030.9293336093076
2047.4738721748454
2052.309243576414
2032.9489909319584
2031.134793976972
2139.481917257582
2097.234523850368
2097.1123994226023
2052.956689282212
2048.3911114390253
2007.619141825851
2053.964279991246
2123.973061042168
2068.2741944019
2030.698584168029
2119.1520425566564
2107.715099271585
2137.8559591487315
2092.690775646996
2093.3523985733045
2138.9557382888656
2116.6923844944986
2089.4166411923916
2112.2111745817965
2126.868930546714
2015.73340498544
2131.374198484691
2106.69757131377
2181.1695248580227
2169.339539023176
2090.6107910861947
2092.9561752500663
2161.883671659598
2119.2637971047934
2026.1592326154325
2135.9996360977793
2027.3338335851074
2149.6122876222325
2110.969870110831
2110.0703018974755
2111.602528662814
2090.94286181809
2015.59898690452
2114.659599300168
1995.6790367487827
2087.9146022637165
2120.8573318516724
2107.765679415734
2164.7910866679395
2056.5012915861744
