25.56850028606905
524.1660128341438
826.3100401947058
992.6058425119851
1158.2718490285981
1269.4417405989147
1363.0628627693936
1361.7816443306947
1572.370738954153
1563.1438060713756
1554.3553312462072
1673.4938178355926
1630.150866973398
1710.5037656162096
1758.185350756167
1783.1579447893648
1865.5701027677364
1745.442200647096
1855.8350956399615
1864.9327689692404
1798.7743671636297
1899.507922456487
1869.6759329550373
1959.6021383301984
1862.1916023728875
1824.995319685263
1945.2236860832973
1998.6739047892308
1996.4729680681305
1935.650302756914
2005.1469268851247
2022.0617086231762
2079.291156657776
2048.8185946752315
2026.2903527827752
1985.8409032569007
2045.7410111000195
2107.2046000581736
2032.4025447522733
2030.5580179679669
2066.6462667538303
2122.6085055917933
2086.102390230025
2084.398038324531
2093.70774198574
2090.9976205399494
2187.377778245901
2165.971657915669
2114.4466458262395
2138.6852410989673
2202.7467347108045
2199.2973442709012
2149.7284095600307
2070.500987091136
2191.351737848075
2145.2363308715076
2172.790152068318
2204.05756097775
2159.2395517115624
2137.98911033472
2121.7926767105205
2085.3848622179366
2120.237500892063
2241.906497963758
2159.8465078977906
2222.598703474453
2215.87213412362
2302.924454321201
2285.1972135755013
2215.1092289453595
2203.251848960834
2304.8528038240092
2336.20091203316
2277.201856899275
2336.713592819278
2203.598006825907
2239.1300297164444
2378.8785217421487
2249.637782994468
2340.223364187401
2289.9890752709057
2274.397236064776
2335.3593596717487
2211.383149267533
2342.2720127444863
2243.3330804055718
2252.507688603015
2327.073976685501
2325.861810808048
2359.157042534317
2380.8481217613826
2222.2891176024946
2244.9038645192827
2375.058581304629
2318.300889016188
2185.7512289329156
2275.2751746249555
2305.794860220227
2336.4846774725643
2335.2623241571046
2291.171878142825
2302.3735699769363
2361.2900080665536
2345.2364290148257
2358.173354632015
2353.7553347343696
2334.5851357625797
2312.7118430550563
2338.0891191639707
2457.0628233061257
2355.5698395676663
2406.683337510252
2427.5182695052513
2315.88082477768
2300.1830644880833
2433.4416687499047
2328.303031107332
2463.8114637659105
2342.1092219113707
2442.106000741276
2352.2719834491013
2320.131932598828
2359.531311148062
2407.14405566573
2481.5000843741086
2410.8344556426705
2415.806281645653
2412.2369724984565
2343.31148586526
2455.1308200367716
2436.290683048291
2414.8597225599465
2438.147370444618
2442.0444309390327
2458.044600929628
2346.614217068287
2455.6073238856584
2395.8475079151644
2454.289784502629
2408.4449026399247
2394.930447015571
2402.1277223002326
2425.1152848718552
2437.3793694720257
2473.7880567921598
2450.4406808102226
2431.8192501507733
2484.421846116624
2463.4874394042095
2546.1188997877316
2385.5532050104534
2553.126306194079
2489.4183733005657
2444.520391103363
2508.4412320609003
2514.37521598526
2456.8518611619215
2595.3861216734044
2594.9965597932205
2469.3048643776074
2411.2383205138826
2466.3284981056972
2520.6349861640033
2650.247575294412
2540.489075939675
2466.704274622727
2475.841078159087
2469.2257555123824
2453.0879336831763
2590.1974708049524
2509.5106972210015
2486.4606528927366
2570.824253458255
2385.237605372629
2608.3924224357925
2514.192224810713
2456.656607699399
2495.4046591006904
2533.2017662518
2434.0582180646475
2568.5077166516917
2563.716008057621
2509.596741819867
2572.9570997644732
2558.1795625279733
2530.9875546280596
2524.1874054715977
2602.444359642979
2627.517571162282
2595.643637287635
2497.953976418453
2531.255270058645
2567.485763147714
2519.774344299579
2525.768422927136
2622.498831166085
2623.3108837169952
2531.3537402571305
2560.042362192696
2611.143759264814
2501.2152989001775
2600.5662335618254
2557.4039022053453
2631.0362474251237
2556.7371387979942
2536.289294597599
2505.444410438768
2641.4189426952644
2601.6952329993446
2553.7706942693776
2558.527207629732
2590.2976899216455
2606.102899256867
2565.041705612275
2542.138069219943
2583.3180986043385
2557.189443844775
2524.523467642565
2532.7312243446127
2578.552136442821
2535.219914685263
2533.097397976895
2559.246537790278
2548.042294164372
2634.719589503377
2599.949492757464
2619.5247509126457
2582.0496744151574
2590.4926049558103
2466.9538124834617
2646.038727283417
2613.8365405684485
2620.178905088415
2595.3667039326087
2534.2515786466615
2669.6060726242667
2588.924877619809
2627.7539314900478
2629.829168082954
2524.0780122806796
2600.2705428821278
2618.2456714675477
2657.315324003086
2589.374705928422
2624.5238393730233
2636.3233857177443
2650.5415920189294
2576.944408857575
2650.9059056192145
2632.7704425149623
2584.6039532145587
2602.6751416487696
2543.707305621665
2583.5066728412285
2555.4808129583525
2576.2164988070335
2599.9702888325737
2569.9631792956525
2670.5324829572774
2587.264442579454
2690.386706595747
2587.222648413363
2598.1050860441396
2723.412666465246
2752.0505315874634
2620.2118150922865
2615.0949776233065
2597.2646128894057
2696.24040323517
2598.5702498098412
2665.268309805067
2592.375521435013
2622.249084320639
2622.968612547384
2545.251690830219
2659.2939461048522
2578.9197642284794
2546.9840127883126
2647.471153019073
2683.9616303481707
2658.3002689461923
2715.255035753423
2542.1177565414932
2608.6654660528425
2630.4280242927393
2579.01176489166
2610.2532426168887
2660.8148462617114
2577.43574927267
2588.853304701423
2638.085733150253
2560.3034014264936
2595.218331767782
2714.2065478227223
2641.071599084732
2617.08001781238
2607.650792442779
2607.903657257695
2641.6959611108027
2676.895314725392
2604.8786203599925
2596.8299299837413
2526.5717765471168
2585.989422362371
2625.0657983690985
2551.2277307670934
2660.6930047972646
2632.87062145848
2669.3683122385128
2650.9901225585704
2589.519601278703
2637.0607514383832
2650.1947285072074
2696.1311473242536
2697.91871269993
2681.6262801629055
2704.090913335586
2650.978135567919
2645.6160650818665
2674.0741039016953
2686.528019037179
2718.6804071866395
2680.1999902622765
2669.0426701395727
2696.187012036235
2747.023405540617
2547.798073771351
2669.8014875740646
2650.4974470158777
2646.667619234192
2766.787814551426
2649.9745279704057
2583.0339805556036
2665.8899978689933
2659.105009545504
2689.7980985558656
2673.1202101131776
2693.8218295013066
2565.774411251796
2644.549668684754
2627.3927293082706
2653.8931181345183
2605.750256411997
2611.090629092862
2705.767150030091
2603.6796746717296
2694.980359224595
2611.309519084188
2689.614469010254
2668.5413446702655
2691.3855836732005
2679.1992367389594
2584.3662511194434
2671.6432722895256
2731.8319718632906
2729.3868590700686
2558.57693563075
2569.819480969894
2660.361203565396
2623.496082973187
2677.0807434205003
2652.9963469615473
2619.4592991620293
2654.012820223044
2768.293327807679
2723.7536534614724
2676.0105038123215
2584.4744321952235
2650.659371131462
2751.2473476141163
2701.0992021656534
2553.2859409470966
2650.7949063113847
2682.810109554326
2636.4118199246936
2666.680268200678
2667.0786305943707
2811.6748484151194
2658.3625033123053
2736.460036442176
2599.60331411745
2652.22006083817
2602.1736519778783
2735.0278530191204
2679.475731617029
2721.6933154364165
2623.4667823399577
2688.5856240141147
2708.42843643117
2658.2831116381417
2645.7364025955076
2698.604381261151
2667.81310815831
2716.348470277823
2810.134689919626
2657.0996252983487
2645.9386613620973
2719.2326667325715
2692.396239779716
2602.834610591218
2612.766957152894
2654.276047197353
2627.9346733902903
2747.7050315301512
2697.4416551019153
2657.9794198871
2576.561937983531
2623.6671853753714
2733.0255068071265
2683.246084664625
2727.236122125301
2654.2347927382098
2564.426450691906
2673.7808954818997
2623.397314979658
2626.189472538226
2692.111769975676
2628.9999165903555
2753.8873327265596
2652.739628605026
2674.387201207371
2681.0649494929125
2666.146391818087
2704.437909132912
2698.8737455794717
2721.9532788948964
2630.741430284347
2652.568967156984
2649.874944920648
2717.23192514679
2846.635597234359
2681.481141457408
2615.7827671689492
2698.736771550253
2635.2558640695215
2635.3597086449136
2702.8967195982054
2658.1404779909985
2674.3792795697236
2592.407839672649
2666.127549283899
2687.9693738660294
2653.971488174482
2757.6839099088193
2775.0145024443636
2642.042805632363
2693.2195009974776
2780.3565207164515
2722.1543850367098
2673.054837089863
2673.6974893258493
2705.4095414487283
2708.0691987539017
2701.899183849559
2563.6680759868805
2614.1240686924266
2699.9363422040847
2720.956303603193
2623.720614310264
2673.6608076372518
2669.584456646424
2654.4344627895616
2677.2361533212415
2791.531969226372
2686.690976234659
2733.829743708971
2637.2748908693075
2721.7076957129425
2734.097610915559
2643.5355485582554
2770.391501908749
2599.9560859891667
2678.1745685952146
2632.721258086859
2609.3334588412094
2731.832078588555
2735.402115279745
2710.8710318233398
2681.1894568627235
2683.1115442619284
2682.612935065057
2787.189891000383
2734.2971789953394
2748.4176911510885
2633.103795804498
2665.426707021333
2750.1110646518514
2714.6384584386606
2717.85802896389
2636.634880752932
2802.4939764316036
2645.6273151472064
2750.051850822107
2654.2755645651077
2799.3634715369594
2679.554528982783
2657.2648374254836
2654.483480236377
2663.8492255142305
2702.4219774475746
2693.0441046606866
2687.5441458275955
2736.732608635024
2655.8367102358716
2758.409154239549
2656.0380656640673
2667.8261612259566
2802.99317733644
2666.528970231847
2748.5869319996586
2680.039452172573
2705.8079093551432
2718.306902882271
2748.0865429382256
2759.5675633788387
2739.5502246289866
2756.260924699752
2628.5444494320946
2754.184401512048
2713.396514913832
2662.6878572985215
2760.995344148146
2683.565087877891
2712.2837810350566
2757.5481515318133
2673.017844839525
2651.8603360718043
2571.233776382573
2662.5006699004575
2662.449545749632
2763.0902434525833
2676.4598786732017
2684.7146479079825
2637.2222461667743
2679.153154047353
2733.9792767510553
2717.4282864183724
2713.502132968213
2700.053746179085
2716.077722771834
2796.272795398672
2692.0955248808864
2713.4045177395396
2736.5513956486716
2752.7074250220385
2678.563217923345
2718.256260248785
2689.512738183757
2765.8200471259943
2631.159223015644
2602.3794925676298
2676.113104885747
2681.2618026212986
2712.043536620836
2707.010741002792
2773.6916536621166
2685.8461385621945
2688.1514979737694
2785.958941873502
2618.3017182711155
2700.0221818427076
2797.703587610273
2687.5223341308197
2705.3102748979195
2706.268735763396
2719.594114503812
2697.0447566195026
2751.002454767083
2646.1494335468637
2637.9759792876703
2635.658119812035
2730.79553175767
2624.0252236303822
2690.388094458755
2701.237528905196
2687.4532713973495
2749.712725587513
2775.6886547580416
2691.174920939206
2727.1707340966195
2612.80002707666
2690.0109908086456
2676.4210141943972
2727.6249460830077
2698.3795004946187
2677.3475019113016
2671.9744602219475
2669.5848353307433
2705.6303156281556
2727.158559765265
2574.5842360056004
2753.7181709526662
2658.26734217208
2739.668219103698
2692.0825588434823
2775.533190015239
2694.7242507548067
2694.020717824154
2669.0984016949465
2741.7188102999894
2675.237074155176
2680.490072799306
2578.4483423591023
2727.201223812732
2616.891761388081
2681.9229589874217
2709.260859716862
2613.2182660697367
2697.440501573439
2662.4624276682707
2739.5753641937977
2736.975773226322
2699.735541801837
2690.834440616723
2683.990797110317
2639.692446330974
2638.3097057614577
2673.9862501543207
2761.0150350455287
2688.180368693169
2662.7853716167924
2729.7940556595463
2726.051453181797
2741.2641810509904
2649.052585050325
2723.0254150956944
2686.876715733857
2698.113280498106
2800.452202935206
2720.297505247781
2736.692072028106
2746.547623276067
2754.699385404302
2720.3625871890413
2733.8454429675435
2710.87387572162
2732.0328817840577
2719.464940565651
2693.884459680409
2680.450032995924
2788.951260916644
2664.8340649704624
2711.4930182944495
2712.4313492603637
2685.4408042114155
2703.94803800785
2654.367385002726
2621.654726361062
2756.0952259249675
2632.846608522314
2666.594798119682
2765.92030349772
2710.086049745077
2760.6528215494277
2684.9832856626117
2633.7547163578597
2691.156479003391
2699.5967020895287
2658.013435271028
2745.8838874980524
2775.6246978557924
2682.807557080074
2764.4174909179474
2827.936519325671
2698.3513351987913
2731.4593023032803
2657.6650486555186
2747.0804440982397
2803.412925736178
2751.3153351116716
2676.933551239919
2721.3710943020446
2735.2745057152197
2641.8070455433694
2697.0880744524848
2814.9547075596174
2703.07371048933
2742.840696971144
2640.256564999361
2739.8790995892423
2787.4145058186496
2680.1694574951466
2737.893538803971
2667.5356421750707
2728.206491493559
2628.7419861355324
2742.3807102101705
2793.819360643388
2710.1606501729248
2766.4501978208846
2684.9832616539134
2784.270869801901
2697.320913489916
2744.117131900461
2756.669684764708
2795.2704277239677
2707.2410161974253
2692.1145054398417
2763.2176596011836
2697.4257649535743
2686.1810547630384
2648.1818404269143
2789.512236432643
2840.5044570889177
2740.8286328751938
2692.4893134927174
2705.185008562629
2735.9071022768494
2737.0210201849145
2663.9239728352236
2694.658790667367
2651.2087287910153
2675.4110023296566
2758.8033315267944
2729.409790427144
2682.7635026777425
2688.879563838549
2662.231426540497
2673.7825925077536
2773.3042475955785
2713.5045951779084
2611.1952907713153
2749.339793675844
2713.8763276299524
2686.707376670555
2577.0657965874807
2758.1305874270397
2787.512161219398
2839.013295523964
2595.224662313053
2691.9156414516924
2757.4330918411915
2708.3034327208943
2727.965364216877
2679.362215758174
2568.4761607001255
2665.203740593086
2715.013707656837
2666.155803238621
2719.597941342714
2667.138154531232
2654.6135765211056
2794.7725340138536
2720.130153228865
2749.429747731345
2698.997653433755
2743.759750461452
2645.6033013132756
2733.9126143116578
2670.9351460433304
2679.620266106212
2778.7840872638544
2749.2487819305225
2740.8687243988857
2777.2133058140084
2691.9996121029203
2737.54682977635
2664.6896539341687
2751.241506069418
2785.2528575595393
2689.1574843854805
2671.044278563226
2686.202781288074
2746.346054903665
2704.0642769816222
2744.249338400633
2788.307838472975
2724.4605544465594
2741.1025965784024
2732.758815996024
2669.733588519052
2621.260727486008
2619.841544400536
2745.0887018632616
2770.942521385179
2602.013333746214
2699.14915904449
2685.4725473085127
2660.9757259788767
2727.8473626134737
2693.4316958770296
2694.96663420277
2743.6055994194007
2776.3195724936286
2743.8123583747524
2679.1196402813753
2733.466640144879
2615.6936643708905
2632.3478854580444
2800.262848447941
2742.0244102881466
2718.1624356191837
2676.381596957163
2762.9942518879075
2672.728401291635
2741.092401126461
2770.555583460517
2766.2268030816153
2686.8746723430486
2696.7416228943316
2689.1560665560783
2714.459443212134
2711.2342761514883
2703.704668136818
2844.7446018120245
2834.939122980419
2632.19206325131
2784.2439920146126
2795.832114698254
2719.6072100979413
2746.5757235927804
2716.4101896890497
2718.349580390696
2703.1769203450954
2778.3163943246373
2764.1432937622044
2734.6082092790402
2722.899736968503
2699.951137473561
2737.334969819269
2747.362065581306
2772.8510263713583
2755.369024481892
2707.654027609119
2817.644266875601
2742.0551079885076
2700.601260673679
2824.2617175063915
2736.245232391218
2718.795964863012
2748.056393120602
2718.0155281673146
2703.098394288452
2655.7730646602654
2685.57742490563
2745.1887435642066
2727.0967940730734
2698.8718985441874
2675.7956504097765
2677.689190922169
2750.2278174039525
2724.742324091351
2708.2358483627095
2633.50628974247
2728.1500642279584
2649.367575428569
2748.937809425928
2635.537481988961
2680.563563094813
2775.37287429512
2659.7525012111473
2617.7133718104446
2651.5607547497684
2734.5954985184217
2812.6426575546834
2722.3345910416992
2671.889285221291
2805.563160219031
2826.288328121442
2703.229464284266
2707.268528777728
2743.021225731252
2749.454445411191
2782.1463588156466
2721.1542207142516
2701.702375042628
2699.9010385537413
2645.5164804460946
2689.183478434226
2795.311413798852
2678.13547767548
2654.244023614227
2693.8956498314055
2691.0287890985255
2702.2988242742385
2754.140741933687
2708.072157662537
2640.7567100810593
2800.3722812517963
2767.393998073341
2670.3577945140096
2659.3945633382523
2724.67017953624
2728.717570363801
2695.1676320031474
2790.16126362457
2768.427208779113
2700.9053341646263
2724.120187651977
2749.976962201426
2700.9732461236963
2703.7952622638513
2698.0520943359957
2718.9463245015636
2720.6937817697285
2711.729113107541
2741.4932883288993
2746.3861238603645
2766.1443723062857
2780.8530543395
2727.748933249232
2660.0755869094064
2705.494033683894
2629.5254822262905
2795.654227370281
2715.7665884982052
2661.726215465518
2724.7940170180464
2682.1582470742765
2745.8977163193676
2768.732240181882
2758.8206235272373
2666.96354338867
2737.167456477821
2693.0627219856174
2721.125916800064
2788.3319056891514
2707.9407203560654
2684.8249522050182
2713.101120372809
2704.8565963328742
2749.327489313205
2780.259306596133
2757.2069083420793
2754.5730250816805
2775.595089871174
2763.058752111886
2688.789433494792
2744.5124376314266
2765.820521950147
2681.610163011152
2641.633194855004
2665.9933250654185
2702.3877028524334
2717.2488415596217
2680.4626977920216
2719.7126160401717
2674.5330515556134
2678.732823515687
2783.5907112885457
2760.6612539877246
2792.0812504738424
2826.206494468909
2780.315003986703
2852.831850592315
2686.631489357226
2811.7391034041384
2680.049629642242
2701.413240504031
2686.1317624247895
2694.0309319998673
2798.0779420211597
2796.25751156142
2703.452147935881
2738.889754189838
2706.481003200963
2732.496848304609
2756.7580137519435
2684.056031189191
2773.6617154267133
2771.2104559150803
2707.1888343011265
2701.3849184752576
2722.6275540990214
2725.488447320122
2738.0310900877557
2762.9267521506235
2773.847831651399
2716.5377119355535
2757.1530999066767
2742.0570862843088
2695.5211161853763
2762.269676360686
2799.2551428686006
2645.7950961749393
2778.361916807753
2631.1776593338473
2722.0012930273565
2776.6980119354616
2721.44733511395
2748.9433591908632
2734.712342463728
2727.869440060154
2754.0057793852384
2775.432063281528
2794.174966241924
2661.3213921648708
2736.0347070289286
2606.3664984137113
2757.1772622113667
2730.5304678099706
2682.366016854324
2703.1750026841805
2741.6906135514023
2770.0147543420776
2674.947592577838
2731.713059091738
2714.205773481796
2756.5914157504253
2759.4005824503693
