55.836212160355515
558.3249336641795
934.1669034379879
1136.2432993142215
1227.800516462603
1452.2133202346583
1531.0938836788898
1636.6507622211132
1660.8715445210903
1706.9314832101604
1756.9996899651985
1828.8171868451218
1757.3141089497578
1873.7252781640148
1858.277191115818
1916.9884457083258
1887.6496884920036
1851.429149375598
1880.862315936295
1913.3102870269906
2001.571914652552
1834.522530602946
1831.5484400937228
1910.1412708238388
1923.0555067739972
1964.315259874146
1894.7263341906823
1927.0204823139359
1975.2394605999061
1959.5587360397458
1996.504327465547
1983.430677488178
2049.8010619328447
2004.6121741523673
2107.0837883993304
2004.3185810295859
2039.9607713620362
1949.5353110972662
1995.0157607204308
2018.1020392115472
2017.0487969540902
1991.27424870364
1971.6938423349395
2050.249373369834
1992.877615067187
2009.621339242012
2024.4422857951931
2079.340044445253
2005.2446651751316
2064.5171230864516
1990.6345585240028
2062.27491898851
2094.285808951853
2065.745161744965
2020.4381132235962
2164.9191085618504
2069.6846035357353
2036.5894047839934
2001.6788548635743
1979.2948401297867
2040.2887960777434
2106.6905045006824
2009.8884252576363
2071.9292944005647
2045.0949680580077
2087.7078031532888
2126.0037679149364
2117.637753815741
2033.5440655997777
2139.273404296758
2054.207327551539
2111.983623471825
2078.5601383879725
2085.826753331755
2035.3648953306406
2081.617579726465
2135.5539959641483
2038.804958313302
2034.36255540115
2179.4544063011926
2036.7027957030318
2068.031261344348
1970.6273503403634
2065.3592660231934
2145.8049110879806
2107.6401158345525
2078.802132127886
2013.2175372522652
2058.7282200468503
2054.2548966142285
2081.201231373836
2060.0918481016765
2097.8004437677314
2127.8277530285304
2157.369155958765
2088.1011340344235
2019.0727301361628
2097.660534727434
2091.8867473639957
2097.662751439835
2072.6215397825763
2089.820087689859
2086.298769995883
2102.0560873879504
2096.2181149304574
2119.160219811998
2061.7690931987654
2187.047153854642
2040.7845490057623
2168.6849824321857
2159.6032209855643
2160.2568820920933
2154.92407862757
2157.5982554282577
2071.372127390361
2104.9742995749452
2174.233092613754
2061.3852235820727
2119.574597250903
2172.524169670579
2190.0070874710054
2113.8512464045552
2149.006388961518
2159.9848731535258
2061.1380923034876
2112.7069760636173
2076.010373580975
2140.2900975851007
2177.937336346603
2189.871738453653
2127.694727931909
2091.0314833551715
2149.1658618856786
2149.414931224043
2184.119799316675
2080.75894403848
2138.760374117746
2022.517829632116
2178.160932129633
2170.917184513456
2248.5164242386822
2178.7266137675315
2127.7572285653746
2190.8367726264282
2190.519809852504
2224.5899931774584
2172.305714879346
2167.151313384119
2121.1822612942788
2256.190913165203
2129.6322601561587
2195.1464381884766
2127.3264853502847
2043.8740140219838
2186.4528070538418
2202.1456262216398
2214.754715263371
2068.2307579360863
2176.5744188399913
2305.478716668426
2198.1867883260716
2193.2150579377058
2115.0762496734174
2155.9259734862517
2176.3256170473624
2188.2399416577
2217.715500047367
2125.7273310665296
2247.843047389539
2086.058777625643
2152.8517109872137
2190.784763645427
2160.0014219166583
2197.8230125966224
2160.4204929805555
2134.7109750945665
2189.2844994013335
2304.406855507063
2211.7903445534025
2182.6317751091806
2235.223277414354
2228.50235695877
2192.872694246869
2222.8281503845446
2153.785477325444
2167.6501074071803
2137.752245708834
2161.826366979183
2186.251059598197
2136.961559205314
2210.1739513548696
2165.6170746542125
2232.9326062176606
2094.5475221060087
2263.2207509447007
2191.4536512399886
2148.083038685344
2196.5667552892824
2237.3043356149574
2110.8459627776683
2191.563906864602
2194.818125015811
2202.705559123001
2177.306335143775
2155.562227768174
2139.2012950861363
2188.1731840332636
2214.842594254632
2146.0780700098767
2239.5211159554106
2291.3283133675195
2205.7328578954293
2118.089187938216
2226.2127633767504
2300.622832010304
2245.80877004829
2174.226924287654
2204.01521234664
2240.1035632275066
2220.5461646792214
2189.910282082294
2241.3297355259306
2183.1877092269738
2251.1437417008433
2244.137912729543
2150.5893525491233
2182.6033054965706
2254.7487574230877
2227.9369822538106
2241.1443789808854
2225.654676030144
2203.9495789769144
2294.3953002935345
2345.6113573501084
2205.7511629220103
2271.859196268838
2292.3360038874644
2137.6071857939037
2234.844175726729
2195.566162585339
2282.786507130004
2263.8432642596213
2228.050056348044
2218.200717811579
2217.315950727428
2313.9777688262325
2274.924907841731
2210.168886823837
2164.669721776179
2235.2370760149824
2223.9433990851444
2272.0730088397513
2256.1115810385486
2304.1518712803786
2328.147139118098
2212.839339630106
2264.3898955657187
2334.0103650951773
2277.934039373576
2188.118621457253
2260.7526789676263
2350.8137870820474
2261.9806320514012
2235.9872940661367
2274.3499023470417
2248.209222795859
2225.3888615675205
2190.1889756562705
2298.4427776449775
2280.7696641484304
2271.809128349313
2289.454753653838
2336.9214375383262
2233.4616710107803
2275.0934949193147
2238.6720148725117
2280.6326341604567
2273.888762492841
2173.5097645431865
2232.9037498663624
2305.114567075479
2269.408885528267
2311.058458798707
2238.780284250281
2241.661520163119
2293.629452903055
2206.2464743382247
2183.103413863726
2268.4015534847244
2236.978099213336
2325.2195805582273
2364.30498239895
2268.372932412071
2300.00975255092
2247.360351057336
2295.4835033505647
2171.1248562401524
2335.591853673679
2390.9491935695623
2149.3398390451916
2245.622309185422
2194.1231355356817
2260.693225527078
2255.738914826852
2235.898926653627
2312.640040766908
2349.4131835506614
2308.7901250820128
2317.7915275650107
2294.0231726868146
2240.918926240218
2278.8805627827523
2291.4612441416502
2256.6823002054966
2344.0412587221067
2254.4755205577035
2327.4528300701604
2359.397120718097
2314.118366036864
2293.04720962709
2328.1706092115633
2353.1510638754153
2282.697196529665
2286.7672406835854
2330.3629937692012
2279.721959221058
2277.9487123477834
2233.0979244133387
2241.436945283087
2293.8604478063835
2340.474719249539
2319.831358888757
2360.713344976334
2359.532174598957
2297.6232603360418
2300.108976859771
2335.9563849244723
2262.202101283549
2353.960747759759
2393.8512640995623
2320.5127382914216
2289.4053938658285
2313.8740133981105
2245.08945367505
2283.0187039503317
2316.989977476243
2327.460722938998
2286.9244738375223
2311.295270862192
2279.07321837232
2350.857145496108
2264.2761891123496
2289.7520436279337
2370.9539725769646
2296.8043132208827
2370.482502122828
2369.9976688182082
2329.7163354794234
2263.6802080535417
2326.484664126737
2268.8563122812343
2424.915393904146
2315.0480312960976
2286.860000065454
2279.8005286717453
2293.4778225291775
2274.6660053595274
2329.6974303649945
2361.757008573294
2358.2837510198633
2313.7687265695013
2347.1363422908094
2371.9689007631678
2324.8630174991317
2223.346926321845
2377.4206396035784
2308.3771086898814
2295.7940243159765
2355.426184193899
2332.0075855364507
2336.7485092085158
2350.46130856495
2199.9893583948246
2323.641186434286
2375.4610605200396
2352.1708177832998
2282.4695804966254
2288.5033965250573
2364.919851707353
2315.718214731209
2312.7338721799097
2350.1659847063165
2377.5963337018957
2327.611526551906
2320.9656904937924
2397.744336287214
2367.883944165389
2346.7011305534106
2276.351732903329
2317.225500660672
2332.616447535156
2342.22141380738
2325.145937244992
2359.977261729963
2402.0304699125863
2297.123866439809
2368.098265480366
2351.9028743098593
2354.3201829552354
2361.648972545548
2404.8382852611007
2404.267313305041
2358.3443675742487
2322.519092104353
2387.9130449055338
2375.6420881828303
2389.2938533895876
2393.632104258079
2350.517512979987
2378.878885486937
2373.5035678688328
2309.7923619407266
2377.01872633262
2351.6442736619556
2348.672255298725
2318.0439401408025
2349.766434311468
2462.698172317814
2251.1964430383377
2369.33505583621
2385.2705817596366
2400.9562709656657
2468.8432104572803
2281.4262594294783
2237.581138942492
2308.4026540868595
2431.447715250371
2384.2797984464855
2406.6000366644244
2342.6677438748557
2328.451838929608
2345.870323392748
2272.2064274564996
2351.691960105531
2398.8657417443783
2267.7076358128356
2419.0345379759215
2428.9951667263654
2341.110136748132
2419.7496254102634
2352.9652813106363
2431.9691414737717
2355.432617072507
2488.647391336703
2414.7304893818505
2484.9326877618314
2386.3329224825284
2433.3535241779487
2371.8400296676737
2354.6211350453455
2399.0876673701964
2322.4168420384995
2401.9953226697
2326.9567775715955
2439.576387551772
2423.1519095315657
2424.8939362803335
2349.798161759952
2385.6810967255647
2431.0545776553063
2413.1959511392015
2436.100637344393
2347.3847354949394
2488.0013795478762
2488.017224224528
2411.0496970122867
2388.433149512568
2388.3323131434795
2357.044968306485
2451.121873488731
2386.7948742009385
2394.065047078839
2410.6657613422344
2431.3364877556214
2384.3324303922054
2419.1729518716306
2490.0841260484885
2375.1757140519708
2390.811989089222
2385.2455169165305
2325.9013317074623
2478.4214679109464
2448.921504005587
2356.174958001194
2357.5070262363147
2429.609479881083
2393.5919419432394
2370.10066140879
2366.1239519978976
2417.1127307951383
2419.4560679684064
2345.894866975625
2424.325286999909
2482.6018587403387
2305.243477385822
2357.1030847073002
2439.9762708805038
2430.912811617556
2445.0726303735373
2427.258456375616
2390.756248199271
2454.998638917206
2419.7153107065005
2387.1032616215666
2466.5661207283965
2416.193655058692
2411.241533875833
2432.4097961871776
2435.1913408038945
2477.5489038072487
2485.457786302601
2435.7578412175894
2407.0574183753383
2491.4273770457535
2419.448506142463
2420.9691226462483
2412.5587390122155
2492.844050301995
2388.310378624955
2458.928800951955
2424.2509980076793
2465.4933462719837
2462.6724120901035
2577.257666886066
2437.0022353605204
2422.999071757667
2463.912959955706
2444.2414609025127
2438.5818479140844
2511.7787082633117
2426.6588642318175
2426.5315238205885
2420.984631710647
2363.171878477774
2420.637338959452
2402.7310202051585
2437.7900222796907
2421.8265732763375
2402.8503940347223
2490.200754241125
2438.607170853947
2459.8954263690935
2491.641467354937
2402.8900636889925
2412.850885426529
2427.040145377793
2428.4594432520894
2415.2048919512627
2397.7771599562916
2418.109532301012
2528.373922613974
2391.0230866230772
2508.421019887869
2403.620561243518
2475.4795557486054
2521.219915469711
2346.0656337650876
2364.8857442261624
2512.328511824425
2483.614397970871
2473.068306533299
2460.437811714934
2428.8140029534375
2477.916007913152
2453.6016712102683
2398.947053744051
2402.7470573900205
2358.5759138232593
2423.7856127132945
2461.5521677690376
2458.1317888151543
2454.743101004317
2502.813616599522
2450.485747999797
2516.5263738170315
2409.1659652096055
2482.0868373171425
2466.060993757268
2334.9791002355737
2454.0839847331226
2433.48495655673
2523.615258951442
2498.801918988992
2500.0193448027403
2473.8297139612373
2461.037894556708
2559.3309029830843
2409.571187693718
2522.08319752372
2466.7704664599983
2493.4984268795565
2500.8354194233625
2434.1613636423335
2424.7715964392596
2469.9277042415333
2536.5644364533778
2541.75221029763
2435.598800371437
2456.016848822546
2386.702136447154
2463.621655836041
2433.3648269925798
2469.0159356868785
2487.476618335791
2429.5788207029273
2431.8841503525673
2461.2250335431418
2503.0199567780624
2457.8783308191355
2479.9464677909614
2549.732652261858
2473.58951635324
2483.2842193877227
2515.459115222914
2508.3427102863643
2546.3040304003453
2501.862727146113
2483.8667411906467
2589.3951962143738
2491.5310808313957
2484.608111403765
2452.350055277645
2454.704975008911
2403.673657289798
2541.754729449701
2505.704966899691
2594.401865301688
2459.265286436079
2567.061334978675
2510.075139687665
2554.6096931059783
2527.3777200053887
2425.5261145982295
2525.486721847439
2527.0729015884085
2537.2967119124805
2359.667853794784
2590.3020245437956
2409.3741357162085
2440.3383609501643
2566.0866675127986
2558.812734691829
2489.2205430155554
2547.870846612009
2409.901491522731
2469.8035493544585
2423.7898449233303
2504.018198689449
2599.6347510109795
2549.6019316031616
2424.989840502777
2449.475030865784
2529.9350287240695
2447.7396120578255
2488.60513474577
2472.6780525671934
2548.4831668523775
2508.664196535087
2533.2239154417834
2491.075615272898
2574.9117592607413
2566.368134757438
2557.7507352526472
2544.92787364109
2590.894649780628
2548.1167967340925
2496.113641329475
2420.139148982767
2476.889633157838
2557.5188558210116
2504.8188050772033
2491.3608375373465
2515.5440429657683
2464.874290989858
2447.140544089457
2478.793917917451
2585.002120754942
2448.163206653751
2490.6770555168255
2465.037929561232
2491.85897185204
2449.572109059365
2435.7002794051086
2557.024518104716
2449.2855047805942
2533.3267286985156
2380.3645833168603
2504.596149647766
2594.50030641559
2579.481288734785
2543.9182808175083
2508.804268655296
2547.0402977608746
2580.4714637795396
2519.606089545494
2566.217315435748
2569.0409075149687
2475.2946336813075
2518.126475311124
2517.742479045873
2527.4289122060845
2520.2331438454553
2461.201434427097
2453.7527237091263
2486.4020902789593
2587.44343834891
2487.2813209868236
2500.163337966051
2426.0639499182316
2524.6340540227575
2524.120564715682
2473.382883988904
2464.703685890976
2582.7670585721407
2634.58338133964
2626.1400391500433
2545.4347916839656
2558.6557597259653
2493.1260706804833
2465.3189173358974
2533.4003501607617
2437.619424115091
2519.7637525751948
2565.9552402034283
2572.890541777569
2564.7004669892203
2465.70059517419
2582.734507042149
2591.4206646671155
2440.545344245382
2545.374049014151
2614.329504541427
2488.7650442672693
2518.4811850969636
2519.381028927952
2540.3640599420114
2597.213184590997
2540.780820240748
2430.7941713882506
2504.088132224654
2489.5295737476335
2536.3543548698103
2536.683426092267
2543.3220268550594
2503.750789414414
2554.557097067496
2480.598841994356
2525.765319629066
2500.4193056521426
2486.666570974654
2567.687726498187
2525.39040545905
2502.1363038319205
2570.5499149813127
2452.279081851236
2522.2456874243544
2470.0494443220537
2524.5388038053543
2533.550765403777
2552.923709783859
2426.8238429454163
2510.906529639235
2577.8656575155787
2511.748629794529
2489.2022636987135
2545.411555681224
2462.158697423306
2510.3646928106846
2503.8814377539557
2537.669760422426
2485.001011604584
2554.021041702886
2494.3534589729484
2565.8888560103537
2584.6976650633683
2565.236805893606
2540.702248943856
2587.1892575208735
2586.350357320655
2581.043242176501
2551.8619973366613
2485.733523645687
2607.5857735181976
2564.0913832832935
2518.6270709059436
2612.5330623627174
2530.199434436001
2596.486404483052
2533.528118739509
2592.137673484837
2536.4737038515987
2536.280369911216
2600.8761700121795
2489.076891247561
2429.1166914322157
2550.871128025413
2584.638443704155
2496.3290423320454
2508.379464567992
2556.695076134075
2531.4299639464816
2566.5015576408978
2570.7503372563087
2579.855880764256
2554.607500948322
2584.8157228773384
2573.0559916402935
2527.328363649976
2460.8527649672287
2605.7675438209867
2544.493854585476
2514.173934273188
2588.1508393679
2496.4985783036714
2537.306862612238
2542.5451327168494
2436.221019360937
2502.7678130389786
2568.2900918816904
2592.2915011040436
2570.8990103618103
2575.19161687741
2570.797638870588
2566.138861457677
2619.792933071192
2564.1078567989093
2574.5851816846125
2622.2118056123018
2578.3582511379923
2618.5043754817348
2524.955548973599
2577.1545567418298
2570.365758071881
2514.0788071827874
2563.9262152964366
2563.2705831689846
2513.902546032443
2626.3264410344377
2619.948492681568
2649.25891631397
2594.442983411382
2509.0273653372474
2526.208896436043
2500.180290399188
2611.2316402325214
2587.317893759833
2561.918694837207
2576.7767282519494
2565.79697934308
2546.2019220073958
2629.211605857983
2545.713989201236
2550.92493642588
2671.054424877833
2522.555071955328
2603.2738038511525
2551.3621986516496
2611.748323693359
2544.294126134545
2617.3817412805697
2600.95148119218
2597.444438337486
2640.3712067475185
2594.4103952152564
2523.6702370197995
2660.5102031618962
2568.1505718438825
2585.926398544436
2612.1009973929868
2629.314207348992
2538.949818616324
2642.251472382755
2505.8168032406497
2599.031223445956
2513.258694425306
2608.8769557850446
2612.5542023816747
2555.4670395237194
2600.027752794625
2475.44200421792
2474.8980140151266
2617.372497850743
2613.4961209334997
2640.385414466712
2599.204846535717
2616.064368744113
2527.8825949455018
2622.948280625539
2551.617437361643
2556.26483904216
2513.623974026019
2563.9513711371137
2543.832375684173
2626.966542749346
2540.0264698049696
2605.2122019456383
2551.2310874744066
2585.554994728625
2568.6987476739273
2634.200607889708
2607.5034449477234
2569.831245185637
2548.093565594239
2569.943263594458
2557.314634702776
2702.3574148123566
2522.8634779283666
2696.5131129483843
2525.6824312377
2595.4424101663717
2602.0516490529144
2523.9359246264494
2601.4631573532824
2603.542547308492
2502.413607425611
2616.5484029128315
2508.74565164701
2650.235484999884
2552.447224205963
2526.954892769977
2572.510651195913
2551.894408390736
2638.386598067763
2602.0066326292654
2609.618397279493
2575.6980842371354
2606.771784307974
2597.1428423821353
2591.593621090638
2540.372192994863
2592.063948005685
2711.8511865510823
2632.3311108840726
2606.2202088556996
2683.762579636451
2582.31112372014
2434.634445511643
2547.1480288724506
2572.7126636261123
2630.393639052402
2595.287198280569
2593.2633633882288
2573.080814319678
2558.462439842517
2595.8356822857068
2604.3195209212763
2642.490777147114
2649.2628560513444
2642.106142145288
2540.7973649542337
2563.760897635194
2618.8311605013682
2619.6667725977572
2594.70198153469
2488.9803332120514
2526.858413100734
2627.2746536395443
2542.6541297091944
2640.3757484155917
2543.754928400047
2621.6322679138966
2572.463081391672
2620.611691795324
2625.2390320744585
2595.3718250537977
2732.144700718881
2591.5225782618845
2701.0462041235746
2618.8670780130383
2583.6014993168087
2575.835422515324
2644.649818749633
2610.0119729567255
2572.0504151318687
2599.013602506507
2647.6598337386235
2615.1711774230234
2622.0975690680652
2559.797294115244
2549.7924771006533
2645.6310224491012
2716.698960436773
2604.1177728270864
2613.388318492241
2570.359845551944
2674.996206422901
2551.9165989767403
2670.0028598808344
2597.4905750317503
2620.6393238838987
